XLY,30.6559076614012,0,0.309743532546921,0.64407307737858,NaN,0.101664705000859,74243986.9561526,22,43
XLF,36.7272703413071,0,0.262278290003812,0.662649606964281,-0.448977594219046,0.0535330171659811,1151375701.71594,19,39
XLI,43.4733878296933,0,0.484767195784216,0.623783223136206,0.0801893484270482,0.35885766756817,154657312.078536,29,45
XLE,39.414067512903,0,0.462231843489586,0.535258660157524,NaN,NaN,NaN,29,54
XBI,39.8451293251064,0,0.420611480545549,0.581799590736241,NaN,NaN,NaN,20,43
XLV,31.5485314649132,0,0.346427301321026,0.698534908384274,-0.168657911998702,0.410887128773947,75281463.1837386,16,34
XLU,43.270642921621,0.0665622794830145,0.328964189270534,0.582287379554786,NaN,NaN,NaN,17,49
XLK,32.6518081204617,0,0.384425210463081,0.674752401277314,NaN,0.0307098298909947,107803829.299526,14,28
QQQ,36.8948897686991,0,0.371146683050187,0.679120486642572,-0.363297139061722,0.0733750252867096,NaN,20,35
TNA,22.0522109403131,0,0.012845849802372,0.0302731474961868,NaN,NaN,93015099.9999999,3,12
PEJ,31.7439027005696,0.0674086632348196,0.509091683245919,0.637133944481217,NaN,-0.254839727094012,NaN,12,30
MDY,29.3300484030787,0,0.302364958105707,0.6286892294424,NaN,NaN,21812447.322714,19,41
VT,37.8463112596272,0,0.288628765845384,0.558353520953377,NaN,NaN,NaN,20,42
VTI,37.3193066842529,0,0.374670032865025,0.655438853236979,NaN,-0.216790279490854,70485751.1456476,14,27
VB,40.9886986701921,0,0.377890013162338,0.621979397366285,NaN,0.0854254079099832,6238292.7054044,24,45
IEFA,43.2526159958821,0,0.457175117340063,0.577377851052405,NaN,NaN,NaN,24,57
IEMG,27.205096139463,0.0512514538776836,0.37012815611925,0.567074999160645,NaN,NaN,NaN,17,43
MTUM,30.2576754992792,0,0.280041119184116,0.674015026094583,-0.728072718461094,-0.0438335510893575,287091.059625368,18,35
SPHB,26.4214146594992,0,0.303087643072217,0.625195357683658,NaN,-0.266384763562441,3646648.5815313,17,34
IJH,28.3832633407797,0,0.298830031469874,0.630497525436756,NaN,NaN,NaN,18,41
IJR,40.725654658121,0,0.335142545678881,0.582075055698062,NaN,NaN,28656759.401147,24,47
XSD,38.5143465103257,0,0.345599290933938,0.638055076929824,NaN,0.190744659724218,NaN,24,41
IDV,48.5811417475883,0,0.487081890648716,0.496509016628254,NaN,NaN,NaN,37,71
DVY,42.9891330665632,0,0.450928287184172,0.595351056834208,-0.0287802986514281,0.143022194277722,25109145.150093,34,51
IYR,41.6525152603937,0.163428689669024,0.47127283681475,0.624438903378177,NaN,NaN,NaN,10,24
DVYE,22.399562552723,0,0.361941425262019,0.292552902492847,NaN,NaN,NaN,30,55
IFGL,43.5894330612476,0.253796045808828,0.473076539589616,0.568614042516683,NaN,NaN,NaN,9,20
AAXJ,50.1661057714186,0,0.488440110930126,0.570589602998971,NaN,NaN,NaN,25,54
BKF,39.3891618226182,0,0.550135844551256,0.335263802219655,NaN,-0.955008005684521,NaN,23,39
MCHI,31.9441449925542,0,0.411304878852036,0.535917145484728,NaN,NaN,NaN,22,60
EFAV,43.4021372317746,0,0.353142918340215,0.516335161631947,NaN,-0.36726030250064,NaN,22,48
SCZ,43.7667304943001,0,0.391872654644383,0.550593230657246,NaN,NaN,NaN,26,54
PGX,5.5176972174416,0,0.309307341415955,0.3941296450036,NaN,NaN,NaN,4,20
EEMV,46.053136408109,0.220522444470285,0.470517402775188,0.380785933502148,NaN,NaN,NaN,12,24
PKW,29.0578424282439,0,0.316926378282562,0.657990501120024,NaN,-0.175080073711819,19407036.8680324,15,35
FM,37.7797716725594,0,0.38170866295604,0.634367781908329,NaN,NaN,NaN,18,39
RING,11.7821612958541,0,0.0443659761456379,0.124941866314074,NaN,NaN,NaN,12,27
PICK,18.8731237562197,0,0.36542574258406,0.37076829456613,-0.847116913831469,-0.641859038509739,NaN,12,16
EWJ,26.8935157560884,0,0.412978681199093,0.743143631667927,NaN,NaN,NaN,4,16
USMV,40.2804106878007,0,0.422835616055696,0.643426051910193,-0.261127971880482,0.0520889616264724,59116117.7625415,16,31
IWC,41.410811369158,0,0.447024890524735,0.662635148336965,NaN,NaN,979444.446008898,21,41
OEF,30.1100672875938,0,0.360087742958192,0.673703979735126,-0.374118122141791,-0.0446410849206277,3187313.21420179,18,29
IVW,36.147940540102,0,0.34040517776976,0.65110954208946,NaN,-0.102483104458873,6953783.14577953,15,26
IVE,39.6759437060117,0,0.341238814856828,0.630890024753441,-0.401528884477056,0.00778529682334028,15286815.5797432,21,39
IEV,40.6887676374673,0,0.453110068093562,0.604639707584659,NaN,NaN,NaN,19,49
PDP,36.8697824542119,0,0.34877448477459,0.671036665057396,NaN,0.140068627049394,NaN,18,38
ILF,20.219540448868,0,0.453112640404999,0.583358177678332,NaN,-0.45057858229023,NaN,12,18
IJK,40.4704125338031,0,0.354640187043752,0.623807741620551,NaN,0.153638877185516,NaN,24,44
BFOR,31.7993518126465,0,0.316372418422276,0.603525241426825,NaN,NaN,1792714.40741534,15,37
IJT,35.6828691229468,0.0644226037904074,0.353671957705877,0.564327444722366,NaN,NaN,2858188.82910349,20,47
FDN,43.0250760694329,0,0.508103162194424,0.595146679501803,NaN,NaN,NaN,17,35
PFF,55.6056236551281,0.264090010166114,0.544428188257086,0.602712012231895,-0.249976796176838,-0.0531707215188918,NaN,7,20
BBT,41.6326981963549,0,0.428267691843393,0.593353700086876,-0.605273344635048,0.143246624203132,92310171.5542557,24,59
BRO,49.9537746748438,0.128722965491956,0.604331610320152,0.596254615815392,0.0508534403145795,0.820075785198022,13961430.9605801,12,30
EGN,46.3507086532746,0.0996613261419605,0.492178620513229,0.488700379515506,NaN,NaN,18957732.0682668,25,48
HRS,39.6097435639519,0,0.392705907754934,0.573120347734981,NaN,NaN,16123860.6525128,25,41
MDU,44.27763673255,0,0.353045124173551,0.511692256977158,NaN,NaN,NaN,30,54
PNY,40.487484115939,0.0568858966551602,0.387832072476506,0.51620798676065,NaN,-0.565321979816827,11424611.539732,24,52
SJI,26.0419710240923,0,0.204232161822739,0.308155595704784,-0.984362308664749,-0.627359374396634,NaN,13,23
UPS,24.9267506530897,0,0.334126339484481,0.591529121774593,NaN,NaN,NaN,11,48
AA,45.0186730460923,0,0.470521756946423,0.549304117567949,NaN,NaN,NaN,28,63
AAP,42.8087572852998,0,0.461498829494184,0.634317292130075,0.0138849750372017,0.418063185451849,25050163.2439777,26,43
AAPL,42.4330726444068,0,0.484809870854724,0.644908657093805,NaN,NaN,NaN,20,65
AB,36.6033293736505,0.173740016889953,0.316061436311843,0.517376779244651,NaN,NaN,NaN,14,38
ABB,49.2997330097017,0,0.469914291571673,0.559862924072967,NaN,NaN,NaN,41,60
ABBV,47.0497540188247,0,0.420511049059577,0.582371514346239,-0.1485259923434,0.627057362375112,234074318.599184,33,61
ABC,40.3050279384391,0.0735696318902253,0.477558688680113,0.629291848904215,NaN,NaN,59702251.8147329,19,40
ABG,46.8339696674953,0,0.317222629412774,0.556752661466958,NaN,-0.319392974861929,540163.818690917,30,43
ABMD,40.1962275117679,0,0.421281045289185,0.592763576612239,NaN,NaN,12169625.7501661,29,54
ABT,33.5966397057089,0,0.350289202454779,0.583162270410166,NaN,-0.375177564083193,53249216.5649669,25,51
ABX,47.5321840556732,0,0.36273402483882,0.240150446070734,NaN,NaN,NaN,30,39
ACE,32.8927294353779,0,0.327005653716399,0.622159433249015,-0.0462676647903508,0.371018661468783,NaN,27,60
ACH,48.2697617067563,0,0.421828361407868,0.508509253395346,0.404200503902901,NaN,NaN,47,27
ACI,41.9353955035211,0,0.195268023857857,0.310819074673101,NaN,NaN,NaN,31,39
ACIW,45.4609092222852,0.0167899904338142,0.579031015396784,0.597033818040282,NaN,NaN,2829667.47333991,20,36
ACN,44.1660662184213,0,0.528840573347018,0.570967253397398,-0.0754816342380956,0.230959760717479,NaN,30,52
ACT,32.0921720201066,0.0527204044891343,0.487032055022027,0.654834903286137,NaN,NaN,63144832.8832337,10,31
ADBE,41.8884687290784,0,0.393340054253723,0.54683277057206,NaN,0.11622668205292,NaN,31,59
ADI,40.2593461915371,0,0.41736194315774,0.565722334462875,NaN,NaN,18038410.5211651,40,58
ADM,37.1066422618357,0,0.389415823553608,0.611511872510185,NaN,NaN,124762228.899295,20,52
ADP,34.887277740438,0,0.295150598317644,0.625354005336596,NaN,0.193334673460929,45214639.4136149,15,35
ADS,38.1217416937809,0,0.349786822573255,0.610968772853107,NaN,NaN,6886208.05534976,18,40
ADT,15.0793942325355,0,0.14672131147541,0.440610742789887,NaN,NaN,NaN,10,15
AEE,46.8067338336063,0,0.432661365402973,0.534091574244093,-0.564116183351647,-0.105980672488552,53030042.7805358,36,69
AEG,45.7890504851518,0.108918233930388,0.398367990838107,0.531686356764066,NaN,NaN,NaN,25,49
AEM,45.4806376688533,0,0.392591460890637,0.357566084103935,NaN,NaN,NaN,30,39
AEO,40.5284884888928,0,0.050929807506763,0.112846083377541,NaN,-0.927825423808403,NaN,10,15
AEP,48.395661481708,0,0.338655518467579,0.56112005028161,NaN,NaN,79616000.9257292,25,59
AES,46.4234800457746,0.0789243099664707,0.410736988283073,0.569942415826742,NaN,NaN,49099138.5316898,33,52
AET,29.5230520737132,0,0.314847866654705,0.622017288807966,NaN,0.0658572665716488,NaN,21,39
AFL,40.9417231460375,0.111107471246482,0.42804273707042,0.600098422201561,NaN,NaN,NaN,15,44
AGCO,47.8573889096085,0.0980155747687421,0.388612116686577,0.397984736548229,NaN,NaN,NaN,22,53
AGN,40.0254649622118,0,0.477168800983457,0.57293883167586,NaN,NaN,NaN,22,38
AHS,34.6191202499273,0,0.429010718816993,0.568092608609777,NaN,NaN,NaN,22,46
AIG,33.1925989565,0,0.371209576528615,0.621566825427736,NaN,NaN,139257282.173432,27,56
AIZ,43.0331526113181,0,0.402747620730356,0.564368261526335,NaN,NaN,20684014.8544905,25,49
AKAM,38.9053778983416,0,0.277042882158296,0.577761949098105,NaN,NaN,8931151.54762958,33,75
AKS,44.2420989226748,0.130377428118538,0.502325360080154,0.539383764115757,NaN,NaN,NaN,23,65
ARRS,45.3013758479007,0,0.443177814505605,0.60374200990984,NaN,NaN,38617008.4381812,27,58
ALGN,28.9415064579073,0,0.419937683422075,0.609573772713767,NaN,NaN,24256400.3113263,19,42
ALK,37.3227647164902,0,0.334163584972915,0.57195633235699,NaN,NaN,NaN,22,53
ALL,35.8040508331963,0,0.298128048822308,0.566192772579737,-0.483905987880145,-0.0731551916351925,NaN,23,37
ALNY,45.2222729787886,0.12692587607569,0.394063924303155,0.587563874272663,NaN,NaN,10303932.9891891,24,60
ALR,43.1484078882579,0,0.422656065985855,0.581245608147245,0.621880707694717,1.17282070759422,18853411.1707305,30,67
ALSN,43.0866716583635,0,0.329619584170335,0.52190596345441,NaN,NaN,NaN,28,46
ALTR,29.1869952703258,0,0.221164724342798,0.397621368260912,NaN,NaN,NaN,12,28
ALV,38.0951238990143,0,0.286621379368845,0.534213844302975,NaN,NaN,10448646.2319992,19,39
ALXN,37.8226152905511,0,0.241005177366037,0.562019581569778,NaN,-0.81106788118293,NaN,21,53
AMAT,43.8431059276435,0,0.407618432774346,0.610392264087076,NaN,0.954786358417337,168713194.50133,31,59
AMBC,42.2569746673841,0.230077050285538,0.309318483354756,0.343946717826517,NaN,NaN,3200687.41912566,20,35
AMCX,42.3667244352067,0,0.3227049094204,0.531921401877439,NaN,NaN,NaN,26,57
AMD,39.9954367691814,0.200270000973401,0.596549183468538,0.503527060164491,NaN,NaN,NaN,17,57
AME,40.6792373760351,0,0.245872656192969,0.586533762855419,NaN,NaN,10340318.4405897,23,58
AMG,41.4849045533702,0,0.422240251171917,0.630731108403686,-0.165531893250701,0.646038591543774,6827343.90334035,13,32
AMP,38.9289344051908,0,0.348187719904116,0.703954057686924,NaN,NaN,29664183.5271116,15,34
AMT,47.5011928308648,0,0.374364789391492,0.542248291270458,NaN,NaN,NaN,28,65
AMTD,42.8490890902159,0,0.482288276005937,0.634825788773147,0.22488090100929,0.724033827425537,NaN,28,48
AMZN,46.3912518576589,0.0983698352233786,0.499336769458236,0.571892506087121,NaN,0.0510245756339336,17905983.4926859,27,44
AN,39.4715479712879,0,0.466560887691302,0.553491228730278,NaN,NaN,NaN,37,67
ANSS,28.1561081649276,0,0.231971079602644,0.256482232573746,NaN,-0.66485704968368,NaN,16,24
AON,38.5045795385912,0,0.414048942549176,0.608059300183323,-0.18313061650764,0.24276962114276,55958481.796768,23,37
APA,38.0906785545484,0,0.293869251988633,0.428605880709939,NaN,NaN,NaN,34,69
APD,44.6244641625369,0,0.491741001482191,0.561125926522485,-0.466452026935997,0.304253187425748,39156144.7778076,21,35
APH,40.473070961056,0,0.233884343104839,0.61833243978286,NaN,NaN,12566982.1577475,13,47
APOL,42.4703060096526,0.177957820243119,0.366533510735801,0.504973635708938,NaN,NaN,NaN,22,56
APU,40.3709672293193,0,0.449363126335014,0.600897891716732,-0.549552082978708,0.302579438422792,NaN,15,44
ARG,35.2667757043767,0,0.313100471909377,0.621919309526789,NaN,0.0490384649677924,NaN,16,43
ARMH,32.953463245255,0,0.241901078675824,0.534590543916394,NaN,NaN,NaN,30,61
ARW,30.9893317357801,0,0.280212726623495,0.559639400836109,NaN,NaN,15215003.6614896,18,44
ASR,25.8473010129156,0.232384408801904,0.421774910261642,0.463407320376148,NaN,NaN,751160.198679084,7,23
ATI,43.6778925619039,0,0.475837053233029,0.572098184562758,NaN,NaN,NaN,32,62
ATK,46.2857428340654,0.0822747984315961,0.44541757401185,0.595763157463838,NaN,NaN,14764953.2353068,15,37
ATO,36.630839425463,0,0.346251729863987,0.571349725035345,-0.54137113126506,-0.0720665880248459,3091032.64706691,30,54
ATR,36.6754525581983,0.0168126111756575,0.361004965803107,0.57171884783004,NaN,NaN,1969842.8779196,20,50
ATU,28.8468922103746,0.0198418524405588,0.310634459761587,0.559730321569357,NaN,NaN,NaN,19,38
ATVI,25.0391265321331,0,0.269871185862045,0.565861103229662,NaN,NaN,213404315.385428,18,60
AU,52.6715767623419,0,0.401554412561994,0.222016932239606,NaN,NaN,NaN,30,39
AUY,37.1356725621275,0,0.347959183673469,0.309267577809468,NaN,-0.69526040899112,NaN,14,22
AV,49.1535177811433,0,0.493510823167435,0.605852394010793,NaN,NaN,NaN,27,61
AVB,43.930121332445,0,0.346229051801642,0.652719591988214,NaN,NaN,NaN,24,59
AVP,32.2553615371135,0.231107225224514,0.348350356342548,0.403890502046339,NaN,NaN,NaN,8,17
AVT,35.1634995484005,0,0.31109894072448,0.573141106707607,NaN,NaN,NaN,19,63
AVY,43.277845508916,0,0.401732487380063,0.524424811468531,NaN,NaN,30433542.6780635,34,47
AYI,32.0312694656628,0.294728495454756,0.501045049331994,0.607204872630911,NaN,NaN,5175191.70400454,9,31
AWK,41.4972704501231,0,0.297510763344492,0.573016381529649,-0.419402569072935,-0.101218936518984,14664771.8219895,28,46
AXE,44.8447067473601,0,0.460334489077948,0.566094777901811,NaN,NaN,3788519.96059096,24,45
AXP,39.0524365905858,0,0.422309696013808,0.629221901131113,NaN,NaN,NaN,26,54
AZN,45.8047932318706,0,0.387210771729895,0.628317727463412,NaN,NaN,NaN,30,55
AZO,42.0900456214206,0,0.397703979769124,0.64794673118167,-0.451533863533767,0.0561773715641445,5788581.09622601,23,47
BA,32.5759693422409,0,0.455888268720591,0.660751005735994,NaN,NaN,106949679.461507,16,40
BAC,33.5406834633378,0,0.185917528099969,0.523704795248558,NaN,NaN,NaN,19,44
BAX,42.2513036362295,0,0.376765261546318,0.562176928467444,NaN,-0.432938959329435,NaN,43,70
BBBY,44.3954515432568,0.0105001269614518,0.403358740387693,0.5828596243024,NaN,NaN,NaN,20,45
BBL,29.7933897489397,0,0.255204687568387,0.255918242783895,NaN,NaN,NaN,14,26
BBRY,9.79146206722127,0,0.256628787878788,0.300532922532329,NaN,NaN,NaN,6,13
BBVA,47.1791739314556,0.0786252214392702,0.412664088032363,0.509714335646224,NaN,NaN,NaN,27,61
BBY,44.3732135097311,0.0679800551520877,0.386657423581783,0.599486145533207,NaN,NaN,341486641.665752,10,22
BCE,29.8703978446535,0,0.238529915850217,0.446746132711008,NaN,NaN,NaN,10,38
BCR,40.0157510562548,0,0.426619292221715,0.609648012742739,0.0204390354520574,0.325830530783734,18287630.8635324,28,46
BCS,28.9241050681595,0,0.143975575246294,0.496135882334785,NaN,-0.841238709053206,NaN,13,26
BDX,48.5545449914189,0.075727070302726,0.351955680979883,0.520172573781007,-0.14570648731053,0.138783939086391,45171446.5841693,20,40
BEN,39.4109939831989,0,0.458960405576162,0.507224056639844,NaN,NaN,NaN,7,21
BG,45.3187396146747,0.0898797693083062,0.502174076062479,0.60138965534788,NaN,NaN,NaN,34,61
BGCP,41.2899051547309,0,0.389542384766201,0.570312652519988,NaN,-0.32779206237772,19991900.1191709,29,50
BHI,30.9003392271061,0,0.271049538021771,0.44609869994703,NaN,NaN,NaN,31,52
BHLB,31.1038381412752,0,0.256436931993931,0.471805955987655,NaN,NaN,NaN,13,34
BHP,47.0477312122258,0,0.341082174298602,0.195340282879338,NaN,NaN,NaN,21,35
BIIB,35.6277912309853,0,0.378304903143917,0.634165131044542,NaN,NaN,41039699.7616836,14,46
BK,39.6146540485714,0,0.389846957898174,0.610874853262925,NaN,-0.0433170437359678,51952590.424693,24,51
BLK,39.1113119985327,0,0.328379154966227,0.591656404923715,-0.117028599156178,1.48181902610858,20228203.93849,14,59
BLL,36.5386172486447,0,0.330984173601548,0.510417670468364,NaN,-0.55385108970531,NaN,18,28
BMR,43.3172748436838,0.154059262104506,0.279916159798106,0.541888435081943,NaN,NaN,NaN,8,29
BMRN,43.9848777759928,0.0921391861626579,0.380446239692733,0.588250460036927,NaN,NaN,17937680.3946279,19,48
BMS,42.3625599089903,0.0565175112197576,0.515795728851743,0.597369467254669,-0.177127442991744,0.129991296222507,8586399.70184996,26,41
BMY,38.1400849477073,0,0.38125844807333,0.520487888386802,NaN,NaN,170406872.403951,27,50
BOH,36.3048280293806,0,0.339133319201266,0.568917482446233,NaN,-0.093959449332865,6955268.29775778,19,55
BOBE,38.0441724737305,0.0672458753945966,0.418650886320043,0.627578503525304,NaN,-0.0743383702664144,3641725.94391209,19,35
BP,43.1041900032341,0,0.42770711989744,0.55196882625928,NaN,NaN,NaN,28,62
BPL,25.3696931144432,0.0415186913633179,0.383821323260991,0.533364842211212,NaN,NaN,3350661.9107974,13,54
BRCM,40.3488448410949,0,0.25190275824803,0.516504162064498,NaN,NaN,NaN,26,53
BSAC,17.9463001223043,0,0.3375,0.443888085352849,-0.509449320315158,-0.315414941023274,NaN,7,10
BSX,37.9346142793934,0,0.485613522428904,0.589514367764708,NaN,NaN,186122420.605278,24,43
BTE,29.4724606712939,0,0.00534997789186042,0.0961608999354544,NaN,NaN,NaN,8,14
BTI,40.0006385167704,0,0.25804104493866,0.470139778087343,NaN,NaN,NaN,14,34
BTU,22.8497123296679,0,0.249218968823391,0.614466945823876,NaN,NaN,NaN,12,27
BUD,35.3288161161402,0,0.401671572326427,0.536376912904208,NaN,-0.329100359321807,NaN,29,56
BVN,30.6437429283344,0,0.140166068541239,0.221248161698578,NaN,NaN,NaN,12,27
BWA,41.4007949104748,0,0.433092225543303,0.515146110372652,NaN,NaN,NaN,28,43
BWP,34.7297365217282,0.0951996370980006,0.562890486419644,0.654903354425972,NaN,NaN,NaN,10,27
BX,41.098348693343,0,0.365088687340374,0.529524370284786,NaN,NaN,101550985.741409,30,56
BXP,34.1655697440345,0,0.426609099771826,0.655931170180212,NaN,0.00474994622807445,NaN,27,62
C,41.1521098506195,0,0.39604543763308,0.593987432263354,NaN,NaN,58408501.5548164,24,61
CA,45.3104363965732,0,0.422199648985544,0.535711770266798,NaN,-0.466872984211734,NaN,25,44
CALX,43.7981234379679,0,0.412271739609636,0.493249746318078,NaN,0.0182770969962123,NaN,14,25
CAG,36.130803410098,0,0.333657933473935,0.590271022317887,NaN,NaN,NaN,28,46
CAH,37.7816186151661,0.00452734814283229,0.413873944996919,0.636635397169145,NaN,-0.239932858522149,NaN,15,32
CAJ,20.0530736571705,0,0.0302627045650306,0.135688746207087,NaN,NaN,NaN,12,27
CAKE,37.6594549112393,0,0.403888464744712,0.626703862290619,NaN,-0.43277848065804,3961472.18689139,25,52
CAM,39.0454392738109,0.082983639043049,0.656575737965592,0.559906540999454,NaN,NaN,NaN,20,45
CAS,5.66629621220268,0,0.0134575569358177,0.228445082462103,NaN,NaN,NaN,6,11
CASY,42.6153158352169,0,0.380869033695977,0.638435868178003,-0.23812167806352,0.376732630754548,NaN,16,36
CAT,38.1378571244732,0.128927742641286,0.409089258710652,0.485308595652567,NaN,NaN,NaN,14,33
CB,35.835942389153,0,0.381247107651728,0.607677026872434,NaN,NaN,21323960.8153905,14,47
CBG,40.711183698939,0,0.354757126052892,0.556547798698678,NaN,-0.424321020130445,NaN,29,45
CBOE,44.8868262757773,0.0710791219064653,0.355433250728516,0.552034988130988,NaN,NaN,22430607.1617079,32,51
CBS,36.3662669511827,0,0.430695112254443,0.565499844306084,NaN,NaN,NaN,26,44
CBSH,40.8230122116788,0.0081636265224847,0.394199802046147,0.584654513696895,NaN,NaN,17683520.846388,22,45
CBST,41.449686451437,0,0.419099008479063,0.51960174680038,0.165009126683646,0.516772501525517,18877383.4797249,32,49
CCI,33.2851396070925,0,0.325002619754521,0.641775559410371,NaN,NaN,NaN,15,44
CCJ,38.8218975401354,0,0.424053438230793,0.478836525063112,NaN,NaN,NaN,32,57
CCK,34.4240533327746,0,0.429837052422976,0.58312153787021,NaN,NaN,NaN,31,49
CCL,40.5407573171135,0.157999646819089,0.549139568522896,0.651022162740129,NaN,NaN,NaN,20,39
CCO,34.3670726926458,0.0484817084606544,0.423711724024086,0.553321078346659,NaN,NaN,NaN,20,63
CCU,46.0581069241491,0.100642416298208,0.390555472381722,0.465599873079052,NaN,NaN,NaN,15,26
CEB,41.4947484559397,0,0.47856851840722,0.613961304648962,NaN,NaN,NaN,28,46
CELG,43.4491804083333,0,0.371578404580348,0.602210633085031,NaN,NaN,72353971.9886873,18,56
CEO,8.08636732135443,0,0.0135447637925346,0.173018052858416,NaN,NaN,NaN,12,27
CERN,43.7132197268102,0.0893987170739019,0.409956565399116,0.557390606196631,NaN,NaN,20581916.6791465,9,22
CF,44.442109743735,0,0.512037039088275,0.569393068932714,NaN,NaN,NaN,23,58
CFN,37.1431125911876,0,0.377441323096169,0.612517074429917,NaN,0.0975578371210448,49715346.6213124,23,42
CFR,40.1376353714753,0,0.283714363415822,0.544087900657457,NaN,NaN,10147118.6908325,21,59
CFX,41.3798617043218,0.063378961798215,0.363349900515308,0.608265667033168,NaN,NaN,NaN,14,39
CG,21.5515386187108,0,0.233565736716463,0.266388112395977,NaN,NaN,NaN,13,22
CHD,29.0362710990962,0,0.175539865177217,0.542888348472418,NaN,NaN,NaN,22,52
CHH,45.0553410378208,0,0.377757157859572,0.537901830264771,NaN,NaN,NaN,30,55
CHK,35.5318783657248,0,0.565908983272375,0.54075165703521,NaN,NaN,NaN,30,63
CHKP,41.6700920114401,0,0.463562801170861,0.64151273655722,1.04508120628511,1.60496760602545,NaN,18,49
CHL,43.0288024119092,0,0.459175816598318,0.470344685929975,NaN,NaN,NaN,49,76
CHRW,36.8031836496422,0.0593204679288228,0.451348687117664,0.543609711365631,NaN,NaN,NaN,17,40
CHU,39.9747473198129,0.157695895677407,0.588163470611371,0.598777916474697,NaN,NaN,NaN,17,31
CI,41.0471000544877,0,0.431398407400219,0.547404265067768,-0.439421746205901,-0.0442459507100902,10220909.6026348,25,44
CINF,31.1043732907757,0,0.394323763188418,0.555800583777808,NaN,NaN,14723728.2234141,11,34
CL,15.3941238481223,0.202436973358011,0.598709899123748,0.588270334261429,NaN,NaN,23466232.2598161,4,27
CLB,41.5838290954034,0,0.493193020961132,0.572866297644361,NaN,NaN,NaN,39,53
CLD,50.4706766397284,0.298733848275356,0.528546735609949,0.453452550692795,NaN,NaN,NaN,22,40
CLF,10.7584474145999,0,0.273903678814508,0.430047350374845,NaN,NaN,NaN,12,27
CLGX,39.5799093690616,0,0.308902994653622,0.49564302211124,NaN,NaN,NaN,28,49
CLH,44.2689537850296,0.0552501469158886,0.440431719486812,0.479946905612368,NaN,NaN,NaN,33,69
CLX,44.2654563819767,0.0180064221926255,0.472368170173246,0.558115161625538,NaN,-0.106688488657935,38484084.1260326,20,43
CM,34.7282676140513,0,0.346584721631991,0.558065924662839,NaN,NaN,NaN,28,56
CMA,46.2163501796104,0,0.407538353136545,0.589666614729385,NaN,NaN,70621981.2556867,29,54
CMC,34.2970936080909,0.100958064151234,0.388062862871101,0.647552325494252,NaN,NaN,7357028.79464083,15,36
CMCSA,28.6046070359337,0,0.304723481013913,0.56325889253631,NaN,-0.458051086530197,169973967.637068,24,55
CMCSK,31.9208155627219,0,0.319015494854821,0.563551606026828,NaN,-0.112546723080135,17255060.1977902,24,49
CME,45.722486337561,0,0.442724916477423,0.590078565308339,NaN,NaN,42716627.3141022,27,52
CMG,32.4293437876929,0,0.372119077656791,0.544325517420613,NaN,NaN,3828115.34987876,19,45
CMI,32.6865807611946,0,0.371870201791488,0.519581699597034,NaN,NaN,NaN,23,56
CMS,36.5415153300449,0.0803218850031204,0.339818819965459,0.634836578057986,NaN,NaN,55567136.3410451,20,49
CNA,39.7674519740565,0,0.286753806527846,0.574154662180679,-0.553633465805435,-0.0254087269746185,3592072.20299434,23,41
CNI,29.9883401731553,0,0.146154805953972,0.470544420707123,NaN,NaN,NaN,16,38
CNP,32.3267329585357,0,0.234534824811877,0.522616077041055,NaN,NaN,NaN,23,48
CNQ,42.5166733430884,0,0.396802855822864,0.477164357043207,NaN,NaN,NaN,28,58
CNS,41.357522627444,0,0.229856197873083,0.426739777013608,NaN,NaN,360603.668471319,20,42
CNW,39.0062950728593,0,0.464264808957036,0.617520564621034,NaN,NaN,NaN,26,54
CNX,36.5493496865517,0,0.424886591277598,0.519568605979731,NaN,NaN,NaN,33,61
COF,40.4510605917066,0,0.500258236483274,0.653061181768758,NaN,NaN,11637190.8012221,28,78
COG,36.2355399636514,0,0.374174841118306,0.466864131937546,NaN,NaN,NaN,15,30
COH,33.0880572493744,0,0.215197568389059,0.594365683912355,-0.652389773048767,-0.296963951783465,NaN,7,10
COL,39.4499782811937,0,0.44750773741591,0.614642001930289,NaN,-0.400513695165444,9421513.24968367,26,51
COO,42.4525479278964,0,0.427115290671865,0.566849124408628,-0.0369008012960215,0.669279127542056,NaN,23,55
COP,46.0327189647746,0,0.50311100626636,0.518446069254604,NaN,-0.650738114529594,90166354.283984,36,57
COST,33.254891576636,0,0.243967139532886,0.566810968105774,NaN,NaN,5807160.03189054,15,38
COV,39.1112601530159,0,0.397165446212083,0.578704748905541,NaN,NaN,113347104.073181,16,52
CP,35.5702673888711,0,0.359976619572559,0.57045637476355,NaN,NaN,8763560.42029064,30,60
CPB,38.7436465033018,0.30947664743773,0.632835693446625,0.812867964716391,NaN,1.31528018653079,31883513.0045161,8,22
CPL,52.7704010372485,0.245763435214679,0.563749773975541,0.530272236658834,NaN,NaN,NaN,20,34
CPN,43.3007781586263,0,0.451586687114905,0.48002879275566,NaN,-0.127618458228647,NaN,34,62
CR,43.4835967628735,0,0.391802441697122,0.560547094321427,NaN,NaN,11976740.7156727,29,59
CREE,44.1967657773245,0.0945306968903548,0.465314722918209,0.44960408056969,NaN,NaN,NaN,13,23
CRH,40.2102443396806,0,0.424665851932046,0.477705193462437,NaN,NaN,NaN,27,50
CRI,40.2127159752676,0,0.378026223145931,0.560972391445429,NaN,-0.0715673340384412,14610970.1463072,36,72
CRL,44.3841554584275,0,0.42240759398031,0.646150996887847,NaN,0.410290895101136,NaN,25,52
CRM,40.7354455253982,0.258801617008811,0.297629550290886,0.318437271765418,NaN,NaN,NaN,7,17
CRS,48.9541133341581,0,0.562994286261771,0.550876729130525,NaN,NaN,NaN,26,55
CS,37.5362261908399,0.071164943248228,0.408019738827721,0.513619960001478,NaN,NaN,NaN,29,55
CST,52.720235087135,0,0.54625537602908,0.588871317185204,-0.560449376241284,-0.196769455096929,40391818.1317562,29,46
CSC,49.7715171985233,0,0.446713925863546,0.58877207905633,NaN,0.0669332805217309,35723940.8231244,50,80
CSCO,39.3953905838295,0.0449676911115606,0.398135695424112,0.523704455175896,NaN,NaN,NaN,15,32
CSGP,42.0382370189019,0,0.520066971194345,0.658037757128457,0.270754932297245,1.20458206230154,2808589.64046527,19,36
CSX,40.8131612123929,0,0.354555112311017,0.642405473831227,NaN,0.105427615883526,68987846.1205912,19,48
CTAS,20.6122970851051,0.184194464316825,0.349298039815919,0.618803101436528,NaN,NaN,24374853.6213475,8,28
CTL,17.805076545466,0,0.110721620269707,0.435597441474253,NaN,NaN,NaN,18,29
CTRP,35.8167840567392,0,0.330132565179089,0.512766176433513,NaN,NaN,NaN,17,50
CTSH,31.7430888396206,0.117213712031591,0.374889025848743,0.598015232187617,NaN,NaN,NaN,12,36
CTXS,35.1177435694578,0,0.161473412924324,0.458561552749337,NaN,NaN,NaN,15,29
CUK,47.7510709098402,0.160451959825814,0.592274189415392,0.658401400071436,NaN,NaN,NaN,20,40
CVA,35.6018371222476,0,0.278050675967358,0.540428813943727,NaN,NaN,NaN,22,41
CVC,49.1181415816759,0,0.406855419326452,0.459732249903424,NaN,NaN,18844333.1323187,35,64
CVD,37.9478613932852,0.0722586366934732,0.337416720300335,0.594480020603664,NaN,NaN,8806144.93463868,19,36
CVE,25.7816691636466,0,0.103183115324685,0.515522126014774,NaN,NaN,NaN,15,23
CVS,42.2842984407252,0,0.329855468780323,0.590289825630695,-0.145191210039076,0.0986424230274376,79686442.5859171,20,31
CVX,44.2755715412581,0,0.453977585252162,0.525326458228407,NaN,NaN,NaN,36,59
CX,46.0580325432895,0,0.394151410706583,0.587973875965691,NaN,NaN,89509368.5804588,33,69
CXO,47.5066805599124,0.0935031793773269,0.565532136616014,0.495134238763065,NaN,NaN,815852.081556633,23,52
CYN,36.6692757209432,0,0.459947695558323,0.608627943736528,NaN,0.619841389460039,9593394.21467439,13,46
CYOU,48.9105480490943,0.222252830577203,0.411769750169942,0.491218123990537,NaN,NaN,NaN,15,26
CZR,35.8062541132917,0,0.237600372855206,0.415250739624941,NaN,NaN,NaN,22,53
DAL,30.3481259719514,0,0.357017075130443,0.574324942015108,NaN,NaN,NaN,19,34
DAN,39.49519628232,0,0.377366756216241,0.518065964897114,NaN,NaN,NaN,33,63
DB,58.2866567547607,0,0.402509807957928,0.22265327634807,NaN,NaN,NaN,12,27
DCM,40.0270952569992,0,0.26909483153785,0.47213681886897,NaN,NaN,NaN,31,69
DD,39.7246110657136,0,0.407401822653365,0.563085804908911,-0.326654457254522,-0.0234547824585337,137437105.596632,18,35
DDD,65.499089647896,0.436384645338361,0.667125137977739,0.683727540055946,NaN,NaN,NaN,10,26
DE,36.4578832962319,0,0.348980186480184,0.282380835734535,-0.926967774148091,-0.792651683663386,NaN,12,27
DEO,43.5698164921903,0,0.497084998962896,0.540769518872645,0.0906008369702445,0.376481815862606,NaN,33,60
DF,40.3525832694469,0.216791634566686,0.611547085903919,0.679257772211858,NaN,NaN,NaN,10,27
DFS,34.3925665419143,0,0.33186286244219,0.617790284525369,NaN,NaN,61382189.3243295,17,32
DG,40.0235573397042,0,0.473454882432258,0.633170901219419,-0.00456876916460058,0.575539218584424,NaN,21,46
DGX,43.4477082511816,0,0.437151770368064,0.476231449817355,NaN,NaN,NaN,29,65
DHI,37.1610164538265,0.156923263848915,0.334988995879972,0.545180881114683,NaN,-0.299304477333034,NaN,15,29
DHR,47.4360863863648,0,0.481936242838941,0.648620062238288,NaN,0.381142861529786,41299623.0950684,21,49
DIS,46.0506098894922,0,0.441115706123315,0.616051252786033,0.122268998879552,0.381766452646616,278150230.581164,31,44
DISCA,36.9963848488254,0,0.418771075997243,0.525469964724145,NaN,NaN,NaN,37,54
DISCK,39.1794551012444,0,0.357753754878764,0.489542200702954,NaN,NaN,NaN,40,62
DISH,35.7198999197803,0,0.441093447872132,0.651474134168873,NaN,0.114843834591549,90045038.8211933,17,39
DKS,40.0570330991703,0,0.342318630951541,0.488827558472815,NaN,NaN,2953145.32410246,24,59
DNB,25.9450494018544,0,0.142092329616734,0.573787993900832,NaN,NaN,10186380.7706151,12,57
DNDN,19.3099048554761,0,0.185743854446861,0.261733557823563,NaN,NaN,NaN,14,21
DNKN,40.4155580388798,0,0.501780043115985,0.608865888012985,0.337751647590921,0.593344425569606,NaN,28,42
DNR,29.635638072705,0,0.10733241498255,0.198990243224821,NaN,NaN,NaN,10,15
DOV,32.7989496125888,0,0.448130145968177,0.62905737828909,NaN,NaN,NaN,17,41
DOW,36.8850412989012,0,0.444598367592143,0.610648933073104,NaN,NaN,NaN,27,59
DOX,45.3545600357815,0.0254904333468999,0.492747454641993,0.555496968079343,NaN,-0.0757707924414511,29521532.5267801,15,38
DPS,39.6859882446256,0,0.514252750896942,0.650887250214473,-0.322473319234467,0.372024457925345,48446850.1167395,18,35
DRI,40.2546187075678,0.00458097192658946,0.464405888298413,0.648563248883366,NaN,NaN,45057641.9075209,13,28
DTE,47.7104214173241,0.082772664667522,0.428798745151489,0.586749825206213,NaN,NaN,21801232.6268737,19,52
DTV,29.1206243979325,0,0.367359120085069,0.631547489504334,NaN,2.2421687635226,NaN,18,62
DVA,17.9129502557211,0,0.144410599759453,0.475002616210352,NaN,NaN,NaN,11,24
DVN,52.0342416727015,0.17633640237916,0.613424950566394,0.552095854307578,NaN,NaN,13377112.9878311,27,51
DWA,45.1874982804495,0.113938341247367,0.492658933942667,0.557118146794551,NaN,NaN,10358541.6622538,21,46
DYN,48.7970637108844,0.143651895694092,0.495924238031649,0.602555538187107,NaN,NaN,22427874.2608999,22,40
E,41.7937677381698,0.177078241487897,0.541757289305282,0.624927414376774,NaN,NaN,NaN,15,39
EA,37.1391775802181,0,0.310099735105375,0.605129095107717,NaN,NaN,183737713.597286,19,41
EAT,40.5733756224278,0,0.324981671879275,0.558914082667763,NaN,NaN,NaN,28,41
EBAY,45.7215970691292,0.195729933366358,0.554957425978809,0.478122902999838,NaN,-0.190576638718036,NaN,21,37
ECA,40.569556513337,0.0466351393921056,0.409237683570024,0.632953144556926,NaN,NaN,NaN,20,45
ECHO,39.1468081352,0.0376193544129688,0.353343313155912,0.617219839667515,NaN,NaN,NaN,26,56
ECL,46.5381615893713,0,0.492403669665974,0.575166368630245,NaN,NaN,17057802.7902536,31,60
ED,43.0240416104774,0.0824810438122467,0.442099777997268,0.600002764184292,NaN,NaN,31870440.6488993,21,37
EDU,42.3164990620225,0,0.435113922286503,0.568356567147912,NaN,NaN,17353469.9553949,32,47
EEP,46.0204196020753,0,0.461631246429463,0.573922352767926,NaN,NaN,NaN,38,68
EEQ,41.0499922361531,0,0.481681553691409,0.614933487415606,NaN,NaN,NaN,23,70
EFX,37.117286875866,0,0.215287808064203,0.601013360917987,NaN,-0.222577643198752,NaN,24,58
EGO,44.6658087681792,0,0.537522974580355,0.32772529774455,NaN,NaN,NaN,12,27
EIX,37.6940583083352,0,0.322634554087847,0.627399200122352,NaN,NaN,31850281.0071969,23,45
EL,35.1491903708426,0,0.269336733037842,0.532933712260026,NaN,-0.412508458663342,NaN,24,54
ELP,32.3459988423552,0,0.207982159353836,0.329076735191541,NaN,NaN,NaN,22,40
EMC,44.0778399515038,0,0.378490373030151,0.569343056583125,NaN,NaN,NaN,41,81
EMN,41.7136859254564,0,0.434570602247584,0.562419350388748,NaN,NaN,NaN,39,75
EMR,48.9342772723172,0,0.529198379515628,0.552213793921639,NaN,-0.385845796481438,43233258.3289872,39,55
ENB,34.592141642566,0,0.269869473451597,0.580228458854297,NaN,NaN,NaN,22,62
ENDP,32.0548519506468,0,0.384683334463456,0.633145139680178,NaN,NaN,25948939.9447129,16,48
ENI,43.2656117629721,0,0.34657008839775,0.255758162314213,NaN,NaN,NaN,27,45
EOC,42.1471601185601,0.337333742362593,0.312810418556458,0.232895449348251,NaN,NaN,NaN,11,18
EOG,50.2425212322083,0.0699613909454317,0.49039147776733,0.562392717062106,NaN,NaN,37872803.6962515,38,58
EPB,42.4225259454705,0.215694378006431,0.404700634144922,0.367522386976961,NaN,NaN,NaN,25,35
EPD,44.2890994514713,0.0811444931078431,0.321936252672349,0.49468982082779,NaN,NaN,NaN,20,44
EQR,28.9673784801526,0,0.198368287640961,0.599885654400421,NaN,NaN,NaN,17,47
ERF,31.5702291280888,0,0.347561304068974,0.519686556791905,NaN,NaN,NaN,22,34
ERIC,25.2567922952949,0,0.197283224928569,0.404929058016426,NaN,-0.503716696311466,NaN,12,20
ERJ,35.4343969461739,0.0461420249375146,0.435654404121367,0.532405642842552,NaN,NaN,NaN,21,49
ESRX,49.3797955848064,0,0.530381317792538,0.567567759820705,-0.179539494956685,0.0237127685639724,121946992.0098,24,38
ESV,16.3135874432893,0,0.0994199451216413,0.424570975544579,NaN,NaN,NaN,17,26
ETE,38.8224802369945,0.0789290357274417,0.442702916567118,0.597650038614777,NaN,NaN,NaN,12,40
ETN,39.9871119652081,0,0.29815236881238,0.542512973363851,NaN,NaN,61589429.7997665,24,63
ETP,35.6066090794438,0,0.416381798812941,0.512683587596472,NaN,NaN,NaN,17,45
EV,28.151681158202,0,0.18032726508642,0.554057506627322,NaN,NaN,NaN,11,24
EVR,40.5053883483796,0.0793094561862777,0.427199335721981,0.539783713768671,NaN,NaN,12282652.7818492,21,49
EW,34.1332812092075,0.0785157496800433,0.616078810125505,0.68532372452648,NaN,NaN,NaN,14,31
EXC,46.9928754128802,0.226471469954197,0.396189457463467,0.48026648284882,NaN,NaN,NaN,12,27
EXEL,39.7363711405456,0,0.405566305112584,0.503851931931699,NaN,NaN,NaN,31,58
EXPD,48.2007906419981,0.111099899428697,0.590045985277795,0.564080375956151,NaN,NaN,NaN,34,60
EXPE,46.8892202517396,0,0.482613497884074,0.575025681156537,NaN,NaN,NaN,44,67
F,39.4376902652556,0,0.29281861479886,0.569210023544883,NaN,NaN,NaN,29,65
FAF,35.0886172961883,0.0369694134312275,0.354322260688864,0.617937483017454,NaN,NaN,NaN,27,57
FAST,19.2618136637219,0,0.117864023297492,0.210644488199762,NaN,NaN,NaN,12,20
FB,48.351895949976,0,0.376006820711256,0.640183827205804,0.848340964635545,1.22379872219408,1455930930.43871,36,63
FBR,50.8101543509987,0.164278718630995,0.555585825118156,0.517289679300823,NaN,NaN,NaN,17,33
FCX,44.5953655488471,0,0.407044016821523,0.457104223173944,NaN,NaN,NaN,31,58
FDO,39.9199550041758,0,0.387530039183426,0.474728202465373,NaN,NaN,NaN,31,53
FDS,41.8027056350755,0,0.334060915405145,0.603462391106504,NaN,NaN,4269821.1150145,18,41
FDX,29.7971654536914,0,0.411005970865004,0.684487846249382,0.724565990529782,2.30011539635702,65596966.5640146,13,53
