XLY,32.380819890982,0,0.310750389382981,0.627924684400549,NaN,-0.0933444204322033,122254482.670183,20,44
XLF,32.607389070387,0,0.29372734948353,0.651960221820084,NaN,0.0710597508525548,1272096055.18232,18,44
XLI,44.1114508441654,0,0.531606370728157,0.553896493196083,NaN,NaN,274234124.190804,47,67
XLE,42.3049428268369,0,0.409892480016385,0.424710289518447,NaN,NaN,NaN,34,60
XBI,39.6634806651463,0,0.418566043542412,0.570807530615523,NaN,NaN,NaN,30,57
XLV,29.2754118684657,0,0.404397315025334,0.626088673913147,NaN,NaN,NaN,19,37
XLU,48.4440928598211,0.0838839581768389,0.503481099577191,0.607118238237705,0.0728503527329454,1.03215238429656,NaN,24,70
XLK,33.8501554895891,0,0.379887960665808,0.601261542562851,NaN,0.181794921584625,NaN,21,43
QQQ,32.4530858236848,0,0.367117243351447,0.645124039480988,-0.234170596717057,0.233329120195529,NaN,26,45
TNA,40.3980262807439,0.119095873338189,0.500784449539685,0.567753511400755,NaN,NaN,319790491.548485,13,51
PEJ,34.50958632765,0,0.447462013212973,0.603297687927608,NaN,0.416439353107048,NaN,22,53
MDY,35.39955998148,0,0.422005417251529,0.577927508752751,NaN,NaN,24784448.8879844,29,45
VT,45.5918158824796,0,0.391696784091297,0.530912301233387,NaN,NaN,3581349.68245562,34,64
VTI,41.2301094652747,0,0.426057288393072,0.64723655247983,-0.75236021567392,-0.3619960654662,60641391.4793735,20,32
VB,39.2720046327361,0,0.427704636048898,0.573722387768079,NaN,NaN,5386391.43100937,28,53
IEFA,50.6635474478809,0,0.496903224427274,0.552382178235899,NaN,NaN,NaN,28,64
IEMG,28.8096914299285,0.0512515709856767,0.34150965547844,0.524777937223512,NaN,NaN,NaN,23,50
MTUM,33.1971492953951,0,0.344389609431663,0.650540520511137,-0.631636390612476,-0.0103428224326627,369182.271572931,20,38
SPHB,45.2541064986693,0,0.443595795457159,0.539004020304162,NaN,NaN,NaN,32,49
IJH,40.0574010452561,0,0.433748591699515,0.57794475607216,NaN,NaN,NaN,29,45
IJR,41.9006029102112,0,0.369112223983365,0.562239408598026,NaN,-0.446691841084363,25746774.3969146,31,55
XSD,47.9388782169177,0,0.428644138516949,0.526542726251118,NaN,NaN,NaN,37,56
IDV,45.3233986423572,0,0.478717123273895,0.481630346698662,NaN,NaN,NaN,44,79
DVY,44.4524305143116,0,0.475578100770582,0.537644824867259,-0.127307470154963,0.0298645268979547,23183194.0506093,44,67
IYR,28.7299212906435,0.0936234621918022,0.397150384379,0.724044666868091,NaN,NaN,NaN,14,34
DVYE,13.8906466424863,0,0.48467588196816,0.343525289770032,NaN,NaN,NaN,12,27
IFGL,48.755934648565,0.305842068346202,0.457697516685126,0.549058857980973,NaN,NaN,NaN,12,21
AAXJ,47.0616264111418,0,0.47148989180938,0.522057380579668,NaN,NaN,NaN,38,80
BKF,32.5773372493192,0,0.0613278832276196,0.275893145783692,NaN,NaN,NaN,12,27
MCHI,40.7153464270684,0,0.42965695230692,0.536242043374664,NaN,NaN,NaN,37,93
EFAV,43.1499465134561,0,0.467361539548379,0.493570125324596,-0.376081609686861,-0.165323032872357,NaN,48,84
SCZ,39.3316312611051,0,0.427441938141295,0.538120934886554,NaN,NaN,NaN,35,76
PGX,5.5176972174416,0,0.309307341415955,0.420883671854263,NaN,NaN,NaN,4,22
EEMV,21.8850480543472,0.348399645475373,0.380629508311172,0.388221047669227,NaN,NaN,NaN,15,25
PKW,39.8166885926971,0,0.402116080809287,0.591911027577825,NaN,NaN,19237564.2170388,26,49
FM,41.325150984234,0,0.462852777055769,0.642038600202778,NaN,NaN,NaN,22,44
RING,27.0680592713772,0,0.125949478890657,0.406607308982426,NaN,NaN,NaN,12,27
PICK,18.558114396775,0,0.371037020159827,0.304990532003859,NaN,NaN,NaN,12,27
EWJ,27.7695279933462,0.0355580763416214,0.444658248803449,0.685742480971486,NaN,NaN,NaN,11,31
USMV,37.8739830911211,0,0.463647399298501,0.628899370506606,0.0130625277540395,0.277549287601689,53514321.6659664,28,58
IWC,51.9705616994815,0,0.494151060970026,0.58616213969997,NaN,NaN,1209358.97001456,27,56
OEF,25.3864003372184,0,0.330649861515582,0.664346650511156,NaN,-0.0908779220341867,NaN,18,31
IVW,31.469709233184,0,0.345212373757317,0.649912662032196,-0.70413549351391,-0.0346382292030745,6524204.09332831,19,35
IVE,34.5038786576158,0,0.429540006739235,0.619990256941848,NaN,-0.118960669629762,19169407.4547407,27,54
IEV,44.8055898274871,0,0.470185121996945,0.551028492364393,NaN,NaN,NaN,22,55
PDP,35.8840848059012,0,0.45418842208491,0.644734720004953,-0.354729006014554,-0.0483967476803832,NaN,29,48
ILF,33.6159699365405,0,0.226504719901634,0.209212490299821,NaN,NaN,NaN,12,27
IJK,38.4483029173293,0,0.394538361820551,0.612300683583812,NaN,-0.370235138392461,NaN,26,43
BFOR,37.9008852685267,0,0.398935665024266,0.570136688111644,NaN,NaN,1920455.70032216,25,52
IJT,45.2406287889478,0,0.386369173012722,0.544397988518347,NaN,-0.666885519656838,3895778.35372107,33,57
FDN,41.1783374335338,0,0.458130621533106,0.578317307672535,NaN,NaN,NaN,18,43
PFF,46.7558377483634,0.264087635119868,0.507306047304918,0.588360635258016,-0.225540698324003,-0.0414435551613908,NaN,6,16
BBT,40.4416882138315,0,0.469412132719054,0.622298850778871,-0.260583891471876,0.420580201692795,73059620.0756835,33,77
BRO,42.9047666126117,0,0.517300439309477,0.523675283739235,NaN,NaN,21739659.713179,21,47
EGN,36.9995670824577,0,0.211055365867618,0.431551037601379,NaN,NaN,10911081.8121045,37,63
HRS,44.0433536655821,0,0.363885105535707,0.519886977209773,NaN,NaN,31092309.6001251,34,50
MDU,50.2271965583402,0,0.422412578301014,0.479077273655918,NaN,NaN,NaN,33,59
PNY,40.3431301011411,0.0568859614153192,0.387831887227136,0.520412623276258,NaN,NaN,12526364.975159,24,74
SJI,41.7917348686842,0,0.330781497293278,0.378963244649613,-0.592887870885629,-0.395555930168441,NaN,20,27
UPS,32.7983301071467,0,0.478494796905805,0.604310304646155,NaN,1.13150918357922,11968260.2428142,16,66
AA,45.8867351123228,0,0.461075398839506,0.487444633327797,NaN,NaN,NaN,34,78
AAL,37.6440018535455,0,0.470951582884846,0.52062826816301,NaN,NaN,NaN,35,64
AAP,47.3498710854011,0,0.497044327089272,0.603012233733811,NaN,0.262229126380436,27952747.0742789,27,58
AAPL,44.7657607810511,0,0.484809785276285,0.642274657676276,NaN,NaN,200258452.487287,20,72
AB,36.9714447498923,0,0.314801549992483,0.512839845887011,NaN,NaN,NaN,26,64
ABB,43.3013696908713,0,0.465396121463956,0.504182727999104,NaN,NaN,NaN,46,65
ABBV,44.1503127005208,0,0.374703272048154,0.564625230201736,NaN,NaN,293255318.974439,37,69
ABC,40.3695369564637,0,0.468278850547643,0.529374928471463,NaN,NaN,65357809.0437135,34,54
ABG,46.0779854685751,0,0.325436524452588,0.568057626207535,NaN,-0.45665189708464,NaN,31,49
ABMD,40.1475105963981,0,0.358100419387924,0.575382938717493,NaN,NaN,14528936.9570486,28,54
ABT,33.267428632948,0,0.335379242216447,0.555979309764077,NaN,NaN,9724090.37330909,28,53
ABX,45.7497288938744,0,0.233083683688481,0.391459332744349,NaN,NaN,NaN,12,27
ACE,36.3920618152003,0,0.461399495249004,0.578783255249123,0.209701816317108,0.49274482765594,NaN,38,75
ACH,46.2445325793682,0.135799885970032,0.436029913876646,0.488470771963667,NaN,NaN,NaN,33,82
ACI,48.4595797694649,-1.11022302462516e-16,0.255958810824275,0.352018257311932,NaN,NaN,NaN,102,116
ACIW,46.5765145908789,0.0167899826955717,0.579030669306277,0.582826531838543,NaN,NaN,7075348.61468641,20,39
ACN,47.7311286754361,0,0.537942285017689,0.53684082857563,-0.171999240463642,0.245319842339086,NaN,36,72
ACT,39.370645312,0.0223021395789798,0.444519151695856,0.68076056242614,0.754606498510532,2.16993188628114,70642084.6973296,16,43
ADBE,45.9145746741607,0,0.380400702734838,0.526454716668121,NaN,NaN,55121631.0719942,22,57
ADI,40.8802818852333,0,0.408471258493439,0.538437224752732,NaN,-0.653325980535969,NaN,49,70
ADM,37.9491320771334,0,0.362327568423354,0.579246073514941,NaN,NaN,162102381.578527,25,65
ADP,42.5080566674074,0,0.477280132024654,0.585961111791483,NaN,NaN,63886465.0783119,27,61
ADS,38.3662668641884,0,0.357451075554106,0.585283414555175,NaN,NaN,8043487.68177446,26,61
ADT,8.77310246834995,0,0.161885113208923,0.430932233419836,NaN,NaN,NaN,8,14
AEE,42.927442679774,0,0.433343530628349,0.506470715330622,NaN,NaN,43719947.8903031,43,90
AEG,43.0144829563027,0,0.329993210464308,0.526254808374422,NaN,NaN,NaN,27,53
AEM,50.7403272065782,0,0.0759441945237518,0.0981207679282887,NaN,NaN,NaN,12,27
AEO,50.3441492263934,0,0.0636622593834528,0.0531663211319775,NaN,NaN,NaN,8,13
AEP,53.2030570717871,0,0.501316499429726,0.534887792690266,NaN,NaN,NaN,34,82
AES,47.1169003340646,0.0996101076408575,0.493219966980797,0.525956833281274,NaN,NaN,47611017.5774164,38,58
AET,32.286161895797,0,0.375585328778018,0.589945196148972,-0.474987312693962,0.239618471362406,2631765.020428,26,45
AFL,32.699286216983,0,0.477625802503143,0.664599386199201,NaN,1.28331851821155,28904478.2959919,17,47
AGCO,47.8573887312516,0.0980156192811801,0.388612104457261,0.399844364993521,NaN,NaN,NaN,22,56
AGN,33.5346333082206,0,0.311088233153938,0.606399846048317,NaN,NaN,84830500.0229372,22,57
AHS,32.1004986070882,0,0.37202655541984,0.480808386624974,NaN,NaN,NaN,15,29
AIG,36.8926344616131,0,0.33936663359661,0.579737311588618,NaN,NaN,133159655.975381,29,60
AIZ,49.5003633339333,0,0.506964431094946,0.58536266831489,NaN,NaN,25313396.0366559,30,68
AKAM,39.5437054909502,0,0.390059993067374,0.57026292541678,NaN,0.0213739977440561,NaN,41,78
AKS,47.3025706791227,0.130377428118538,0.534891306044316,0.514281443638742,NaN,NaN,NaN,26,73
ARRS,41.30359745601,0,0.394777550040362,0.580089581672201,NaN,NaN,37782707.8046634,39,83
ALGN,27.3251120950102,0,0.370017083428154,0.584550200919316,NaN,NaN,19416174.0686291,21,48
ALK,37.3227645200755,0,0.334163497301699,0.580863088129072,NaN,NaN,NaN,22,59
ALL,45.6475285239327,0,0.436849551685324,0.508765727508774,NaN,NaN,NaN,33,53
ALNY,42.2025093306986,-1.11022302462516e-16,0.414384800006173,0.537663083504369,NaN,NaN,8599579.83143077,32,59
ALR,40.0277559199551,0,0.483430831068822,0.569397266554106,0.331607986645615,0.908157214994967,22896431.5486614,28,62
ALSN,42.3821393886354,0,0.392422655410685,0.461391762986542,NaN,NaN,NaN,37,57
ALTR,40.1803301334758,0.137779736975075,0.412626451573892,0.463657342487044,NaN,NaN,NaN,26,56
ALV,44.9204616926145,0,0.294929956502342,0.406269524340601,NaN,NaN,9363845.02087695,32,58
ALXN,31.2828367731433,0,0.308754267897841,0.565586366199665,NaN,NaN,NaN,34,72
AMAT,45.4756987905943,0,0.452515489708079,0.531979215241277,NaN,NaN,NaN,41,66
AMBA,40.1380403153579,0,0.338588592402757,0.499348383682669,NaN,NaN,20785840.7720984,29,55
AMBC,43.3823892318464,0.230076987462396,0.349774859845363,0.371164222951679,NaN,NaN,4977708.62327455,25,39
AMCX,41.1649657068555,0,0.409227495485676,0.567336800290871,NaN,NaN,NaN,33,72
AME,41.2376926855441,0,0.263653526360702,0.580366674453956,NaN,NaN,10175643.2146659,23,52
AMG,40.5104654721659,0,0.398200852351463,0.456808133937072,NaN,NaN,10055855.355588,20,46
AMP,41.2556089379412,0,0.398676895457763,0.594694932374431,NaN,NaN,40201798.8519564,24,49
AMT,39.2464351147982,0,0.267013868382285,0.525593853784881,NaN,NaN,NaN,31,62
AMTD,45.5042571171627,0,0.506683472521863,0.564558735017031,NaN,NaN,NaN,39,61
AMZN,44.6847991262014,0,0.475650689683971,0.644254027739236,NaN,0.303862052026044,62931724.4982667,28,44
AN,41.7533038419269,0,0.447078095715375,0.516496566913402,NaN,NaN,NaN,45,79
ANSS,36.5830500106834,0.0365602874350264,0.483374958388714,0.544865304286734,NaN,NaN,NaN,18,40
AON,36.750616035877,0,0.414071787786251,0.580129141174257,NaN,NaN,64753948.2559258,33,48
APA,40.7292128198625,0,0.333341116943923,0.435112377367966,NaN,NaN,NaN,49,84
APD,46.3729493088866,0,0.470686888945892,0.582991219164433,NaN,0.116093647463956,45566607.4750635,35,52
APH,41.8196583507795,0,0.233884225223508,0.605043858590595,NaN,NaN,23670299.3441687,13,55
APOL,35.5508637484783,0,0.372902652133556,0.427529414402431,NaN,NaN,NaN,29,72
APU,42.1898344157517,0,0.378489483494195,0.431560162841834,NaN,NaN,NaN,22,60
ARCP,44.3731338023702,0.337796662330434,0.581331051073848,0.753078470180198,NaN,NaN,NaN,6,20
ARG,45.0571587507579,0,0.359237293585837,0.55731191140111,NaN,NaN,7132959.17179019,25,65
ARMH,41.8003990493687,0,0.245544184758582,0.54557209596622,NaN,NaN,NaN,30,66
ARW,33.6204203556364,0,0.412005623831745,0.515256545654599,NaN,NaN,20973458.1636402,31,69
ASR,37.4003247914801,0.151033988637451,0.521449460815648,0.504636890776153,NaN,NaN,139168.281419819,12,41
ATI,48.3391517566745,0,0.509330859702808,0.535806337312735,NaN,NaN,NaN,38,70
ATO,41.8662724433941,0,0.462117282376331,0.508864484341035,NaN,NaN,NaN,38,75
ATR,46.0387756561757,0,0.471487189600877,0.488484955236203,NaN,NaN,3785624.85702997,39,76
ATU,39.4740443323458,0.0265423125091866,0.368174421899242,0.568011628642375,NaN,NaN,NaN,21,40
ATVI,32.056223461503,0,0.283113560137641,0.579815602528121,NaN,NaN,232151790.59689,16,62
AU,39.4828463548191,0,0.0225583023798128,0.139392343449606,NaN,NaN,NaN,12,27
AUY,47.4558022502873,0,0.323461962878786,0.158257640811876,NaN,NaN,NaN,35,51
AV,58.4598525163888,0,0.510927890934074,0.607293610610788,NaN,NaN,NaN,32,65
AVB,43.7039816563525,0,0.406665174615137,0.560629008517295,NaN,NaN,18707573.4871659,37,72
AVGO,34.2696947628454,0,0.367760849467811,0.609967054348526,NaN,NaN,102894682.750789,27,46
AVP,54.3932594095047,0.406247784874958,0.559400857619509,0.531004337246513,NaN,NaN,NaN,8,18
AVT,35.7788164721943,0,0.334862947848399,0.584851811660152,NaN,NaN,NaN,23,71
AVY,42.6176796668643,0,0.382431415473194,0.476544825949043,NaN,-0.574761562420543,23790146.8408172,43,57
AYI,42.9793016219686,0.187083907210556,0.375853888614478,0.606392918630203,NaN,NaN,8035181.56230745,15,40
AWK,40.7924768453189,0,0.345746727601454,0.539415745730165,NaN,NaN,NaN,37,65
AXE,47.6444939026214,0,0.527761438923217,0.518929422130667,NaN,NaN,NaN,27,49
AXP,42.3558599507997,0,0.446837107672287,0.584799584645747,NaN,NaN,NaN,30,61
AZN,47.3869644265562,0,0.41958401585342,0.589671237436367,NaN,NaN,120323933.63822,31,59
AZO,41.3334449627928,0,0.437283136722367,0.632260125761707,NaN,-0.83139880057601,5600002.58671378,19,45
BA,38.3404585704022,0,0.514214933148745,0.67207908787369,NaN,NaN,116983092.215869,24,53
BAC,34.0523747368143,0,0.246269590024142,0.555246687000496,NaN,NaN,303430106.355544,23,67
BAX,47.6818678187136,0,0.429650420802558,0.517290392759326,NaN,NaN,NaN,49,79
BBBY,44.4050401412667,0.0105003854012822,0.403358802924394,0.587711767896037,NaN,NaN,NaN,20,48
BBL,36.3125463082857,0,0.191189426140292,0.316748750555429,NaN,NaN,NaN,12,27
BBRY,34.1745825294801,0,0.339111679837486,0.22884713134601,NaN,NaN,NaN,12,27
BBVA,37.9454938252271,0,0.306942410139602,0.548466102017283,NaN,NaN,NaN,28,73
BBY,49.9673583060463,0.0679801501680941,0.383974498024483,0.593593877621934,NaN,NaN,237573573.338077,9,21
BCE,39.0785763765291,0,0.297187298340261,0.361044831829976,NaN,NaN,NaN,12,49
BCR,39.8421286720675,0,0.472193156151166,0.622823487206529,0.430051712609739,1.17093199935442,31759433.8944595,22,63
BCS,38.3036182626219,0,0.395004623139243,0.427587418056952,NaN,NaN,NaN,28,72
BDX,40.1078794388888,0.0757270956103848,0.356779234307514,0.49310564658944,NaN,NaN,53249690.6303682,31,57
BEN,43.1479745167961,0,0.335838626834446,0.433933319317833,NaN,NaN,NaN,13,23
BG,40.2769809928804,0.0898796252640217,0.439034314997785,0.592578470566144,NaN,NaN,NaN,42,76
BGCP,41.1291423457974,0,0.418423804647442,0.601229007379986,-0.724695574806704,-0.0860823637739789,13459794.2728507,35,55
BHI,34.6679536606084,0,0.365008650201401,0.433881711946355,NaN,NaN,NaN,40,58
BHLB,30.9523428303493,0,0.272144011226358,0.546282402819202,NaN,NaN,NaN,14,40
BHP,53.6045751488782,0,0.344286888504953,0.365176709929139,NaN,NaN,NaN,23,38
BIIB,42.0753661923036,0,0.497229697977544,0.597181622104057,NaN,NaN,36896278.7127187,22,61
BK,38.3195348504461,0,0.241575206095969,0.588222255433738,NaN,NaN,75733590.1520817,18,48
BLK,41.1667649742436,0,0.450128350656551,0.549802527406381,NaN,NaN,19604313.1496201,24,84
BLL,44.383644763717,0,0.426176048362424,0.524231382214626,NaN,-0.677816645980494,NaN,29,43
BMR,26.8847022228026,0,0.0501939305132129,0.54608361979174,NaN,NaN,NaN,11,40
BMRN,44.840080291781,0,0.422156524154268,0.557750746416413,NaN,NaN,33307893.319424,40,78
BMS,42.918418989091,0.0760577990766791,0.533933564808544,0.476639025830028,NaN,NaN,NaN,44,66
BMY,39.7808141817254,0,0.402410181890981,0.539166704878942,NaN,NaN,188036450.359743,32,67
BOH,39.6994638583073,0,0.312698682959494,0.596907420692149,NaN,0.0551041267458372,11072878.6740504,23,58
BOBE,42.3562207091952,0.0672458753945966,0.452323855585368,0.660006514671491,NaN,0.319500176739781,3861187.29224986,35,61
BP,49.9995864707096,0,0.418369460945562,0.52053895057364,NaN,NaN,NaN,35,70
BPL,33.5563540996405,0.0415186913633179,0.477026327473462,0.549430455547132,NaN,NaN,NaN,19,61
BRCM,38.2324238345274,0,0.385573994482005,0.533018294388377,NaN,NaN,NaN,33,64
BSAC,36.4420741869172,0,0.157936483091766,0.50734401052967,-0.80252237135876,-0.393981779151461,NaN,7,11
BSX,43.319497672031,0,0.440570307646251,0.538699797461547,NaN,NaN,215697160.663259,37,55
BTE,17.6163615547585,0,0.00461269946808485,0.200281743370748,NaN,NaN,NaN,8,14
BTI,37.5698135129237,0,0.171271571094227,0.455107647515597,NaN,NaN,NaN,17,38
BTU,50.7011636782763,0,0.170507505264116,0.0922867992385419,NaN,NaN,NaN,12,27
BUD,41.4681046373241,0,0.36384195628973,0.497098162550557,NaN,NaN,NaN,33,61
BVN,43.5277355958964,0,0.411404101399714,0.170627766581414,NaN,NaN,NaN,12,27
BWA,42.4829935378796,0,0.481558687248391,0.437796703263088,NaN,NaN,NaN,33,46
BWP,31.8650068632056,0.0951996370980006,0.649010926089034,0.740287082099794,NaN,0.576065558779857,NaN,12,29
BX,37.8637165507854,0,0.339416964920365,0.507630984677991,NaN,NaN,126353219.097741,44,72
BXP,43.2158309326153,0,0.449296456861098,0.558120857769818,NaN,NaN,NaN,46,77
C,47.4791948985377,0,0.452023797519884,0.562623894944587,NaN,NaN,198107368.29665,47,93
CA,45.3104363965732,0,0.422199648985544,0.535243283091105,NaN,NaN,NaN,25,47
CALX,44.9759894878065,0,0.355966362603269,0.503791219160547,NaN,NaN,NaN,17,26
CAG,40.7633460973847,0,0.470443345069441,0.623971653793454,NaN,NaN,NaN,44,71
CAH,42.8620913556883,0,0.482078561305478,0.629510123293019,NaN,-0.403630656135554,49537328.0370891,24,50
CAJ,62.0646842608313,0,0.275729485682058,0.383421016958491,NaN,NaN,NaN,12,27
CAKE,41.1997520103953,0,0.415318780539731,0.631114708217166,NaN,NaN,4048074.21982418,25,71
CAM,39.0454392738109,0.082983639043049,0.656575737965592,0.529641613850737,NaN,NaN,NaN,20,52
CAS,0,0,0.00574712643678077,0.122193237796687,NaN,NaN,NaN,6,11
CASY,42.0197569195543,0,0.3886409028362,0.550601986954276,NaN,NaN,NaN,19,45
CAT,38.2270386024416,0.128927742641286,0.390386099864685,0.471238212304333,NaN,NaN,NaN,15,38
CB,32.8620446972274,0,0.36087839847525,0.57322045443963,NaN,NaN,27303770.7700545,26,76
CBG,46.8503982663413,0,0.455843936288436,0.583391592532954,NaN,NaN,NaN,52,71
CBOE,46.7176810621703,0.0710791219064653,0.373749849359432,0.519312110180501,NaN,NaN,22242022.3267115,37,68
CBS,40.7574972669433,0,0.479809996925879,0.512991831939262,NaN,NaN,NaN,32,48
CBSH,38.0015588015849,0,0.346220726442343,0.585209043874486,NaN,NaN,21316495.5400058,27,60
CBST,41.449686451437,0,0.419099008479063,0.51960174680038,0.165009126683646,0.516772501525517,18877383.4797249,32,49
CCI,38.0909339222575,0,0.327986180770652,0.568294034669348,NaN,NaN,NaN,25,70
CCJ,36.6246450180514,0,0.427516574280624,0.457062781851673,NaN,NaN,NaN,35,62
CCK,39.048276335377,0,0.42187737794797,0.502985697912752,NaN,NaN,NaN,52,78
CCL,46.422380111238,0,0.558256574562881,0.610362932338843,NaN,1.09096322607491,NaN,41,83
CCO,39.5999030577686,0.0609650380617042,0.329890430496493,0.431856198916434,NaN,NaN,NaN,28,81
CCU,41.3374883883596,0,0.229901376730544,0.39855625794675,NaN,NaN,NaN,15,27
CEB,44.3684147551518,0,0.475720015464831,0.563020881468189,NaN,NaN,NaN,42,55
CELG,43.4491804083333,0,0.371578404580348,0.601975701313555,NaN,NaN,72353971.9886873,18,63
CEO,25.1057389764153,0,0.412542121220071,0.333598899131772,NaN,NaN,NaN,12,27
CERN,43.7132197268102,0.0893987170739019,0.409956565399116,0.560285198382718,NaN,NaN,20581916.6791465,9,24
CF,47.0638327637592,0,0.399078266081899,0.541061066356749,NaN,NaN,NaN,40,96
CFN,37.1431125911876,0,0.377441323096169,0.612517074429917,NaN,0.0975578371210448,49715346.6213124,23,42
CFR,39.3725947872335,0,0.319075252581893,0.60561651275466,NaN,NaN,8729666.00858556,28,72
CFX,34.9590740554612,0.063378961798215,0.384884525034749,0.563555091750454,NaN,NaN,NaN,17,44
CG,24.8088032316405,0,0.106950327627045,0.164379262234747,NaN,NaN,NaN,15,24
CHD,32.7085463403053,0,0.265742131523862,0.551947720432286,NaN,NaN,NaN,18,51
CHH,47.5395150809726,0,0.413264049381048,0.519429344384934,NaN,NaN,NaN,49,84
CHK,40.3693267680997,0,0.513977313835231,0.434817623413716,NaN,NaN,NaN,33,71
CHKP,44.3685819886778,0,0.519735299402375,0.577862865077203,-0.343405286965963,0.644454349503891,NaN,33,71
CHL,43.7557666240569,0,0.435696458057687,0.477488290734682,NaN,NaN,NaN,57,96
CHRW,41.2703284243903,0.0593204679288228,0.359649818969565,0.490940001258251,NaN,NaN,NaN,29,52
CHU,48.0917695138339,0.111617112023027,0.45590146112516,0.427203440592887,NaN,NaN,NaN,36,62
CI,40.8063470148082,0,0.480207282199916,0.532075929468945,-0.414993349485829,-0.242778242420613,14976647.8317149,35,52
CINF,40.7246454700572,0,0.346488122807015,0.552952698627527,NaN,NaN,16232016.0900593,19,69
CL,15.3941238481223,0.202436973358011,0.598709899123748,0.590837216292941,NaN,NaN,23466232.2598161,4,28
CLB,39.5585577332893,0,0.454213694509057,0.53448574234672,NaN,NaN,NaN,39,58
CLD,54.6700316576763,0.298733848275356,0.459434649312987,0.465385807780188,NaN,NaN,NaN,25,44
CLF,40.0637910233783,0,0.0676611071959907,0.131240368456421,NaN,NaN,NaN,12,27
CLGX,50.370971352764,0,0.488059206422977,0.522256360961405,NaN,NaN,NaN,38,70
CLH,40.8879450909996,0.0743370709889666,0.46759583969768,0.463378097515311,NaN,NaN,NaN,41,78
CLX,44.9455316594025,0.0180064221926255,0.482692006406761,0.543003768158933,-0.134798643396027,0.229730536284695,38833000.3738118,31,75
CM,40.850338108609,0,0.392100456484413,0.518312574729985,NaN,NaN,NaN,34,65
CMA,42.4363893369827,0,0.339610475127373,0.582897547282076,NaN,NaN,69825858.1186161,38,71
CMC,34.2970936080909,0.100958064151234,0.388062862871101,0.643211291761941,NaN,NaN,7357028.79464083,15,39
CMCSA,31.2706741594441,0,0.298286019203624,0.590090194973651,NaN,-0.343945737345943,203013920.267524,26,55
CMCSK,34.2513086351427,0,0.315542124519952,0.591081314131087,-0.63552047841758,-0.148415339882531,26328735.5365656,26,50
CME,47.1969362424855,0,0.450644761008331,0.56622687225672,NaN,NaN,51010072.1412573,42,78
CMG,43.599258592073,0,0.429221165405822,0.549907723796488,NaN,NaN,4328833.76942961,38,71
CMI,34.3266800770858,0,0.485062010766967,0.543480538475119,NaN,NaN,NaN,30,62
CMS,40.0356214087083,0.0803218850031204,0.420395904509862,0.572008629729872,NaN,NaN,55148700.928601,26,69
CNA,43.0981256622332,0,0.364800871127626,0.556490405662141,NaN,NaN,3301956.44144175,36,63
CNI,29.9883401731553,0,0.146154805953972,0.488023082275029,NaN,NaN,NaN,16,41
CNP,38.7431099678563,0,0.308739146909788,0.564942536284433,NaN,NaN,NaN,26,54
CNQ,42.6782252836417,0,0.418737966764005,0.416871095129222,NaN,NaN,NaN,34,65
CNS,40.5307336876908,0,0.208136891692221,0.375028469955063,NaN,NaN,NaN,27,57
CNW,46.8695418635999,0,0.50854910135701,0.54047388674464,NaN,NaN,NaN,43,63
CNX,39.2998667170795,0,0.340036167988296,0.429491907818854,NaN,NaN,NaN,37,68
COF,45.33546433935,0,0.471869457745806,0.627974839685254,NaN,NaN,23013590.2291867,38,88
COG,34.7543283669351,0,0.399196558814398,0.376873806728374,NaN,NaN,NaN,16,32
COH,28.5101469822815,0,0.157843566981393,0.348442714381582,-0.67209419337928,-0.429320594948281,NaN,8,11
COL,35.4352396559214,0,0.362159974792829,0.501526203059578,NaN,NaN,13528512.1313265,43,71
COO,41.9194599161106,0,0.457974604360176,0.533854969408459,NaN,NaN,NaN,40,81
COP,41.7488091651333,0,0.381224131668983,0.436476577401143,NaN,NaN,NaN,41,64
COST,36.9363684986498,0,0.409670275433428,0.610068855753737,NaN,NaN,NaN,24,55
COV,34.9987230229514,0,0.42522336247854,0.593610182083505,NaN,NaN,127150718.511605,12,54
CP,33.9926001319074,0,0.416895865377884,0.544131687735522,NaN,NaN,5729872.72856152,37,71
CPB,23.7585956691504,0.143055891229395,0.538324636005711,0.695916808678745,NaN,1.10630188947353,38004925.3519084,10,35
CPL,54.3046830235117,0.245763435214679,0.423905261358316,0.403336441338715,NaN,NaN,NaN,21,36
CPN,46.6217895630793,0,0.42478065838393,0.395059189934481,NaN,NaN,NaN,52,76
CR,44.7619374483358,0,0.485867417708016,0.56014388333404,NaN,NaN,12361487.0911303,35,66
CREE,35.8143255758295,0.0945306968903548,0.53405322739476,0.633754535869395,NaN,0.30585951229501,NaN,15,25
CRH,44.9610643016799,0,0.45275325703221,0.525782416879609,NaN,NaN,NaN,37,67
CRI,41.1042891964093,0,0.40991772288275,0.570740222792453,-0.232664850596752,0.0551685455251503,17607666.3855474,47,71
CRL,46.9317319271042,0,0.442189540686449,0.612605496215367,NaN,NaN,4746618.46971955,41,71
CRM,40.7354455253982,0.258801617008811,0.297629550290886,0.334737917607548,NaN,NaN,NaN,7,18
CRS,47.9815650875975,0,0.560493938704983,0.526893135864324,NaN,NaN,NaN,30,61
CS,37.5362261908399,0.071164943248228,0.408019738827721,0.503563709387787,NaN,NaN,NaN,29,59
CST,48.5508909699803,0,0.449705157122596,0.548343258821036,NaN,NaN,39374350.7565025,39,61
CSC,49.0347697481836,0,0.459094009507711,0.549589855777179,-0.369325301030267,-0.0707210625325611,34685432.2921843,66,100
CSCO,42.2699171818151,0.0565220822469401,0.526957138556484,0.552306139619284,NaN,NaN,NaN,27,55
CSGP,47.4144475859828,0,0.481551188700021,0.558489810564445,NaN,NaN,2725591.91311587,43,59
CSX,35.2813919364948,0,0.379974393913232,0.578981225592659,NaN,NaN,59759180.2367249,25,60
CTAS,30.8069837960448,0,0.370358765574452,0.560681418660203,NaN,0.126956252401439,27688866.5783826,12,41
CTL,22.3311458005329,0,0.237486712436481,0.364364126520656,NaN,NaN,NaN,23,37
CTRP,35.5384813187514,0,0.371312452415322,0.453263938877749,NaN,NaN,NaN,29,72
CTSH,31.7430888396206,0.117213712031591,0.374889025848743,0.582255378136038,NaN,NaN,NaN,12,40
CTXS,37.974868015456,0,0.322916844859191,0.494656376946739,NaN,NaN,NaN,21,45
CUK,44.2958385525126,0,0.532527151040814,0.624092024278345,NaN,NaN,NaN,32,69
CVA,42.4901865709465,0,0.383583607439851,0.488208865950494,NaN,NaN,NaN,32,51
CVC,41.488043217184,0,0.35545471266981,0.519690624854898,NaN,NaN,19654730.6755844,35,75
CVD,37.9478613932852,0.0722586366934732,0.337416720300335,0.594480020603664,NaN,NaN,8806144.93463868,19,36
CVE,27.0002484885342,0,0.41243712273642,0.362109867049503,NaN,NaN,NaN,16,24
CVS,41.4288106376182,0,0.34776343959638,0.618174044137796,-0.229625037758985,0.000122662363394976,93428454.4260034,33,47
CVX,40.3255077056183,0,0.328439241972605,0.472134172760382,NaN,NaN,NaN,44,67
CX,43.5475112514012,0,0.456942385764463,0.569514646855707,NaN,NaN,NaN,38,78
CXO,47.5066805599124,0.0935031793773269,0.565532136616014,0.502222978650724,NaN,NaN,815852.081556633,23,58
CYN,40.3273309630371,0,0.414436308830098,0.551312383210627,NaN,0.33992422056941,14834821.3354096,23,64
CYOU,48.9105480490943,0.222252830577203,0.411769750169942,0.493680377447139,NaN,NaN,NaN,15,28
CZR,40.7640391193797,0,0.235936501216033,0.454012545563827,NaN,NaN,NaN,26,58
DAL,33.6423714803999,0,0.388192661968699,0.560913078176384,NaN,NaN,NaN,25,46
DAN,48.3813922509458,0,0.504854720537944,0.497612827148881,NaN,NaN,12407120.6494042,44,71
DB,47.7467162996592,0,0.37784718998183,0.217485395071391,NaN,NaN,NaN,12,27
DCM,34.6106157582101,0,0.306529289617659,0.552882138186068,NaN,NaN,NaN,35,72
DD,41.2255045287155,0,0.364550975189261,0.455724172132031,NaN,NaN,NaN,33,58
DDD,54.7943630903106,0.436384645338361,0.660618505408363,0.567850729306059,NaN,NaN,NaN,11,28
DE,48.9518404899086,0.243144939579781,0.43701688627072,0.432876278604921,NaN,NaN,NaN,23,32
DEO,44.9845392270705,0,0.434235765335625,0.519130084964518,NaN,0.231342257455957,NaN,37,64
DF,40.3525832694469,0.216791634566686,0.611547085903919,0.686443962963099,NaN,NaN,NaN,10,29
DFS,42.2673058256451,0,0.449889846922884,0.591468011409611,NaN,NaN,61263145.6230117,23,39
DG,43.9079116530631,0,0.389953988999872,0.586316019971587,NaN,NaN,NaN,25,54
DGX,44.6309624797116,0,0.445277644236598,0.526110471276555,NaN,NaN,NaN,51,82
DHI,34.6153208524247,0,0.374298676077119,0.55434640397307,NaN,NaN,NaN,16,53
DHR,43.6481311307505,0,0.470313410311799,0.593072735998269,-0.236332338346962,0.0950959535536544,62634892.1906251,33,60
DIS,38.5454985091708,0,0.376545948131965,0.629486318396307,NaN,0.230957257522436,268916664.374727,28,48
DISCA,41.1545364887813,0,0.416277672536063,0.536787015802503,NaN,NaN,NaN,40,58
DISH,36.9355245025351,0,0.412503121729744,0.540627504046171,NaN,NaN,84758896.5947464,25,48
DKS,42.4507108193708,0,0.418885510910937,0.408081224479886,NaN,NaN,1993348.30349633,35,82
DLR,38.4127091482527,0,0.450066042668979,0.682931024509638,NaN,0.516913343687468,29779667.3479254,22,50
DNB,29.6868759200609,0,0.289787279921118,0.610223023388782,NaN,NaN,10195300.1376471,20,80
DNKN,39.5281298102637,0.077962674734338,0.450650817617665,0.594343476293646,NaN,NaN,NaN,31,55
DNR,37.9472172618203,0,0.130828632848672,0.307023747269498,NaN,NaN,NaN,11,16
DOV,36.4120939480742,0,0.46671945056903,0.503144079118613,NaN,NaN,NaN,19,44
DOW,38.4641048042229,0,0.440105953793292,0.645526224999205,NaN,NaN,NaN,34,68
DOX,50.7158388890576,0,0.50015334969322,0.589158516685513,0.0699117420470678,0.501067643658354,32493064.8781504,25,60
DPS,39.9698539345695,0,0.523197226194367,0.550247031277992,NaN,NaN,54333160.7075211,23,50
DRI,38.5392919489408,0,0.285210186876614,0.641679249863436,NaN,NaN,74877529.3557707,19,48
DTE,50.6592678025912,0.104514963721011,0.554708863515586,0.536413143021056,NaN,NaN,34582731.0255679,25,73
DTV,29.1206243979325,0,0.367359120085069,0.631547489504334,NaN,2.2421687635226,NaN,18,62
DVA,17.9129502557211,0,0.144410599759453,0.468944432177532,NaN,NaN,NaN,11,25
DVN,49.5737387033617,0.17633640237916,0.476658407533199,0.46941056766937,NaN,NaN,NaN,33,57
DWA,44.7967417586181,0.113938341247367,0.50346432310923,0.550845542018606,NaN,NaN,12249356.6290025,24,50
DYN,49.5815847349196,0.195983364594346,0.545109909811174,0.521041797669662,NaN,NaN,23975598.6470728,25,45
E,41.8732801376935,0.177078241487897,0.553667678815712,0.669806233286039,NaN,NaN,NaN,18,43
EA,36.4686449030298,0,0.349737758747495,0.56821030824126,NaN,NaN,224049845.841087,20,46
EAT,45.6961040135472,0,0.352979341524049,0.478554530761918,NaN,-0.835184406892693,25078548.0720288,47,65
EBAY,49.9296861095727,0,0.469182919894144,0.525205776895622,NaN,NaN,NaN,64,95
ECA,45.4648717766266,0.0466351393921056,0.369708695529551,0.506433617345259,NaN,NaN,NaN,22,51
ECHO,40.3402012349588,0,0.410950165608973,0.526776206659283,NaN,NaN,NaN,53,86
ECL,46.5381615893713,0,0.492403669665974,0.59363899283058,NaN,NaN,17057802.7902536,31,70
ED,46.2817677973319,0.0824810438122467,0.579121951863526,0.58243456140812,NaN,NaN,30238639.6647422,27,52
EDU,42.3164990620225,0,0.435113922286503,0.568879782740154,NaN,NaN,17353469.9553949,32,51
EEP,50.5586529331537,0,0.449969625623176,0.504607024957087,NaN,NaN,NaN,49,85
EEQ,46.0012891339396,0,0.47320950295365,0.530145583236133,NaN,NaN,NaN,45,88
EFX,34.521477284716,0,0.300305794994385,0.553166600772486,NaN,NaN,NaN,17,51
EGO,33.7734919452257,0,0.0350176118540093,0.400864716129583,NaN,NaN,NaN,12,27
EIX,40.362291520256,0,0.457482522867302,0.564951974888005,NaN,NaN,29339149.858374,32,64
EL,35.1331264350259,0,0.350386825236227,0.548367300373032,NaN,-0.236366991161047,NaN,26,58
ELP,38.2574605603108,0,0.27732891889523,0.311619775158198,NaN,NaN,NaN,26,46
EMC,47.9201331353997,0,0.436861378305188,0.563301874892358,NaN,NaN,NaN,55,105
EMN,45.1417971486587,0,0.475382332461959,0.56594985627617,NaN,NaN,NaN,45,84
EMR,43.2319111515955,0,0.474694218247147,0.440837666172656,NaN,NaN,NaN,42,60
ENB,39.3979243579326,0,0.407146735142629,0.429060417078211,NaN,NaN,NaN,31,77
ENDP,27.1624445533107,0,0.327681533777989,0.54868438231494,NaN,NaN,14505022.4097787,20,57
ENI,40.5494060092465,0,0.226004266351652,0.292991172497658,NaN,NaN,NaN,44,51
EOC,43.2131716712573,0,0.376237137922123,0.350730283998532,-0.940041785057855,-0.799337628528704,NaN,13,19
EOG,46.0134963985858,0.0699613909454317,0.449814627441737,0.501988040936403,NaN,NaN,NaN,43,63
EPB,42.4225259454705,0.215694378006431,0.404700634144922,0.367522386976961,NaN,NaN,NaN,25,35
EPD,40.1984063375795,0.0811444931078431,0.378888107006198,0.492644585431436,NaN,NaN,NaN,23,50
EQR,38.7911702211547,0,0.396299483933617,0.607455082243795,NaN,NaN,NaN,26,68
ERF,39.0566362767043,-1.99840144432528e-15,0.237536626431631,0.221074259861935,NaN,NaN,NaN,38,58
ERIC,35.6785807457412,0,0.365899548263331,0.322625806967069,NaN,NaN,NaN,14,22
ERJ,39.3946051076659,0.0461420249375146,0.392743877234051,0.50034554115302,NaN,NaN,NaN,25,57
ESRX,43.0619867074845,0,0.44473063011424,0.499970168245228,NaN,NaN,126247144.939326,36,61
ESV,38.0760880416194,0,0.23520848805017,0.339060057068607,NaN,NaN,NaN,19,28
ETE,44.1607720244321,0.0789290357274417,0.391649633858797,0.511916311870142,NaN,NaN,NaN,26,43
ETN,40.8158794572115,0,0.428326344601117,0.481771056324422,NaN,NaN,NaN,33,71
ETP,37.4709025606147,0,0.444165887671846,0.505831732255191,NaN,NaN,NaN,21,56
EV,24.2683299816995,0,0.264729797843385,0.504677287096784,NaN,NaN,NaN,12,25
EVR,40.5053883483796,0.0793094561862777,0.427199335721981,0.54206828937026,NaN,NaN,12282652.7818492,21,53
EW,39.0675115675754,0,0.453764790403323,0.636745933756448,NaN,NaN,NaN,33,59
EXC,37.1720613290684,0,0.173678967336188,0.333272395636909,NaN,NaN,NaN,12,35
EXEL,39.7363711405456,0,0.405566305112584,0.496736990649735,NaN,NaN,NaN,31,63
EXPD,48.4909582055867,0,0.512953986303673,0.537318305191342,NaN,-0.172755249677932,NaN,56,89
EXPE,47.746135226525,0,0.462363958406013,0.566561899374285,NaN,NaN,NaN,42,71
F,44.6584474069932,0,0.409635303308958,0.497212328876771,NaN,NaN,NaN,40,74
FAF,34.5305282435302,0,0.290502014255025,0.625732668803649,NaN,NaN,NaN,18,67
FAST,40.1605915850309,0,0.366843284205252,0.360289511233967,NaN,NaN,NaN,13,22
FB,47.795233078342,0,0.445385324139341,0.63671486317972,1.50848194269545,1.91533557781885,1523239103.13684,39,68
FBR,50.8101543509987,0.164278718630995,0.555585825118156,0.487479644722596,NaN,NaN,NaN,17,56
FCX,38.4197492590884,0,0.316169986353359,0.438042196652153,NaN,NaN,NaN,36,65
FDO,39.9199550041758,0,0.387530039183426,0.463787404153298,NaN,NaN,NaN,31,59
FDS,43.3963934921802,0,0.349338230758661,0.582503034763641,NaN,NaN,8113990.07628126,19,47
FDX,37.1383455120979,0,0.458636723580327,0.570372348285847,NaN,NaN,52185596.0102743,29,68
FE,59.044864176943,0.290813947299501,0.587471184620032,0.549202304009027,NaN,-0.51218135091342,NaN,9,19
FFIV,39.514257574855,0.113901088258834,0.401306419456749,0.616302624655417,NaN,NaN,22484930.5119557,24,70
FICO,30.0464898906757,0.00901254783496785,0.290994491805582,0.581816082096781,NaN,NaN,4707419.62147223,25,53
FIG,38.6773783131002,0,0.426390862810071,0.477220540291824,NaN,NaN,NaN,42,67
FII,42.7340330334673,0,0.421911199360452,0.516569498572016,NaN,-0.322491819738369,NaN,71,96
FIS,45.9656897962145,0.0185212389874616,0.382236954732724,0.549727657058811,-0.486669131871526,0.0894263756533686,39297963.6946752,24,51
FISV,29.2952308548425,0,0.384291141896498,0.619012675729912,NaN,NaN,12323309.6326869,15,39
FITB,40.9617404645779,0,0.36784582581314,0.564429276140114,NaN,NaN,18840913.7681009,21,48
FL,38.7405178308537,0,0.395269377160659,0.649572929276544,NaN,NaN,NaN,24,53
FLR,51.9315645884063,0,0.55936766866826,0.547119141057669,NaN,NaN,NaN,23,46
FMER,47.0071592084974,0,0.268736899448639,0.568543137341167,NaN,NaN,41287382.3223525,15,29
FMS,46.3066137983951,0,0.355335094861868,0.463141462958079,NaN,NaN,NaN,24,45
FMX,53.3768153272106,0.34673713803551,0.808769698649496,0.502589028033758,NaN,-0.377259324398312,NaN,11,21
FNF,46.7922202609968,0,0.468528042562074,0.589975004929633,NaN,NaN,NaN,39,63
FOX,39.1110831163077,0,0.372848928435966,0.523627753382947,NaN,NaN,NaN,52,103
FOXA,33.6374069337216,0,0.265379472553774,0.514451815987059,NaN,NaN,NaN,38,86
FRT,47.5970602999163,0,0.541309303861452,0.584419609836986,0.597578301252847,0.931960084161132,4821257.36353523,35,71
FRX,25.0443680273025,0,0.383924621372455,0.637192185492987,NaN,NaN,NaN,11,25
FSL,34.3128888492091,0,0.372120125848791,0.479304913012415,NaN,NaN,30684117.8973294,40,82
FSLR,40.3243068103936,-4.44089209850063e-16,0.271261542392599,0.401516177290234,NaN,NaN,NaN,26,56
FTI,32.0059955389569,0,0.177926917829558,0.439072074929214,NaN,NaN,NaN,27,60
FTK,42.1059558872802,0,0.448299502045455,0.484055664577405,NaN,NaN,5624398.95625304,29,54
FTR,51.1316138319646,0,0.483226983301547,0.490861373482995,NaN,NaN,141817300.913844,40,79
FULT,47.1619839658377,0,0.418234112345627,0.547100618341235,NaN,NaN,25275995.6503995,34,70
FWRD,44.5234186434226,0,0.411426650584608,0.538411717908119,NaN,NaN,NaN,40,63
GAS,37.2389345062038,0,0.412399957070797,0.553743678866071,NaN,NaN,NaN,31,60
GCI,39.0059574769438,0.0919719987260572,0.292897875233905,0.53340910179922,NaN,NaN,NaN,22,59
GD,35.9168690200968,0,0.273293671346131,0.54908094823666,NaN,NaN,70102404.1666913,18,34
GFI,39.552337612189,0,0.100140164735683,0.346345438209192,NaN,NaN,NaN,13,19
GFIG,37.4196635246175,0.0879317830228561,0.342300672720977,0.427225426735745,NaN,NaN,NaN,30,69
GG,38.9283549519749,0,0.306265801775982,0.39049280572443,NaN,NaN,NaN,15,24
GGB,0,0,0,0.0716489424779747,NaN,NaN,NaN,5,9
GGG,44.7691310345207,0,0.421061087591682,0.534891173108852,-0.615695368658967,-0.309587419775628,8597285.67182068,46,73
GHL,27.1603967042838,0,0.0510284760788231,0.0495292805904872,NaN,NaN,9935000.00000001,7,11
GIB,37.2389034553872,0,0.383715275466452,0.452139069593429,NaN,NaN,NaN,29,61
GIL,39.8570630556645,0,0.453053379655084,0.609213534860175,NaN,NaN,NaN,32,61
GILD,38.2561818587832,0,0.388024623792564,0.640922826574319,NaN,NaN,459095440.652843,21,96
GIS,39.7447518455712,0,0.355591815366169,0.531665704384927,NaN,NaN,168320001.907509,30,72
GLW,44.2288610788568,0.084769131201605,0.438850572834277,0.500105723495491,NaN,NaN,NaN,37,67
GM,47.5145313504025,0,0.515168197419494,0.569399530832042,NaN,NaN,NaN,33,57
GME,37.2163336189953,0.0824579746537599,0.373182105704649,0.712457193697422,NaN,NaN,25163322.6080556,15,41
GMT,37.180105345025,0.1284749670819,0.39449490245986,0.384065810904499,NaN,NaN,NaN,20,46
GNTX,47.4268944110865,0.0919755809203737,0.498288091946762,0.457839886208217,NaN,NaN,19651074.1781433,43,79
GNW,44.8692004237241,0,0.436525729217581,0.62426542159332,NaN,NaN,53526088.3039741,37,61
GOOGL,43.3678131714156,0,0.455501573827922,0.535871456196866,NaN,NaN,NaN,26,51
GPC,37.2576097586353,0,0.310602941805443,0.495967589281877,NaN,NaN,10951151.9424756,29,64
GPI,44.6187240024065,0,0.433341160555721,0.586390348396925,NaN,NaN,NaN,61,104
GPN,30.6515933576192,0,0.401759998266206,0.701998477472728,NaN,NaN,37514557.8780772,12,49
GPS,49.5786325267339,0.0604165938164014,0.409350948294833,0.445350804729509,NaN,NaN,NaN,24,46
GRFS,44.9043669864516,0,0.488706113381886,0.590669855295039,NaN,0.255427791206814,NaN,40,79
GRMN,43.4378144837636,0.0640214849516381,0.422003289463682,0.495077169004879,NaN,NaN,6528330.00948302,36,59
GS,48.1382558915918,-5.55111512312578e-16,0.472758478424337,0.544580427021234,NaN,NaN,143368591.06876,50,74
GT,37.7680450093886,0,0.365861715403003,0.557411665169129,NaN,NaN,80027713.3205051,19,65
GSK,42.5237526388824,0,0.416136277966945,0.564472668605577,NaN,NaN,54609718.8284491,28,62
GWR,43.9871242032067,0,0.470102171805024,0.409547295368762,NaN,NaN,NaN,32,67
GWW,38.3107230440213,0,0.378743830515397,0.486743456238896,NaN,NaN,NaN,30,48
GXP,46.4673087248146,0,0.429118512036945,0.450584062651427,NaN,NaN,26418778.1816611,39,74
H,47.444861388455,0,0.486754064693163,0.590275046990457,NaN,NaN,NaN,38,63
HAIN,36.7202560921081,0,0.354313555559679,0.552144054367272,NaN,NaN,6497098.09182935,43,62
HAL,43.75332540936,0,0.439455213301805,0.530845842510386,NaN,NaN,NaN,46,64
HAS,41.5354266930323,0,0.419536209458621,0.576420694157087,NaN,0.0526337460528121,52574735.9217543,31,64
HBAN,33.5987169255946,0,0.300886141137777,0.63835913905984,NaN,NaN,122730139.625311,14,47
HBI,38.7351065706454,0,0.467723709312464,0.651732753814884,NaN,NaN,NaN,26,47
HCA,35.8760505627457,0,0.342622281719302,0.570414724037489,NaN,-0.30543406595602,NaN,29,52
HCC,35.4512933312083,0.00262930887382229,0.278459131450075,0.595542849369846,NaN,-0.261800384621384,NaN,19,44
HCN,44.4426184558658,0.147252419915492,0.374514959427279,0.51373153871307,NaN,NaN,40717990.0260594,14,31
HCP,46.804642921111,0,0.386676975714016,0.415686720584951,NaN,NaN,NaN,7,20
HD,36.8797060010473,0,0.316449134157231,0.580394849261273,NaN,0.251350838591596,85410040.8129447,21,66
HDB,37.4983120975652,0,0.393237917038996,0.533971801053299,NaN,NaN,NaN,37,73
HE,45.9781555874857,0.0708568971239678,0.55943228743821,0.571357987761379,NaN,NaN,NaN,22,66
HEP,7.95058206469578,0,0.00914205633890774,0.0755802214400629,NaN,NaN,NaN,9,14
HES,38.4470945283965,0,0.308487448060611,0.403362136016443,NaN,NaN,53326308.9364261,32,50
HFC,14.1437055670905,0,0.0722610722610719,0.405800472199079,NaN,NaN,NaN,6,12
HIG,40.3816850187931,0,0.273521437728889,0.62902487161199,NaN,-0.0287685870351679,66480830.3678712,21,39
HLT,36.9903306108265,0,0.37075428513627,0.489189090376151,NaN,NaN,NaN,25,42
HMC,36.2298691100824,0,0.219161072819018,0.471750836045896,NaN,NaN,NaN,21,49
HNP,37.8751607492964,0,0.356721552743315,0.491398914475637,NaN,NaN,NaN,38,76
HOG,37.423185279895,0,0.422421029237358,0.593461901008963,NaN,NaN,NaN,36,70
HOLX,51.9878538157009,0.0738441549138,0.438307918089501,0.488920926293172,NaN,NaN,NaN,25,51
HON,42.5065491074111,0,0.374330401858574,0.548504390240642,NaN,-0.659226676449908,57155221.9058269,27,42
HUN,31.7812104244998,0,0.2345710143651,0.450072499982556,NaN,NaN,NaN,33,66
HOT,41.6763775109991,0,0.35003591686044,0.537819666905356,NaN,NaN,31978453.4336013,28,78
HP,51.920451256218,0.0372313654474423,0.557610638822994,0.579265940493916,NaN,NaN,NaN,20,41
HPQ,41.6300511787581,0,0.327875320983959,0.462033289392839,NaN,NaN,443819219.790608,28,54
HPY,48.6593122697365,0,0.486055305596416,0.612685352149418,NaN,NaN,5580767.86128053,31,87
HRL,34.5971709595265,0,0.303245609771189,0.600945934362482,NaN,NaN,18223562.7585411,14,39
HSH,33.682843247447,0.111233861763992,0.363952609417523,0.558705005635726,NaN,NaN,NaN,11,23
HSIC,40.1159899769265,0,0.400344332495572,0.564266430254151,NaN,NaN,7652493.90358606,26,47
HSP,41.0391049179494,0,0.343446566028497,0.62555531527163,NaN,0.925726904527509,NaN,23,56
HSY,44.8426646527312,0,0.455894094491672,0.441210209130459,NaN,NaN,NaN,55,97
HTLD,42.2241520403485,0.0252418018789244,0.367791723214565,0.503331023273674,NaN,NaN,NaN,28,58
HTS,40.5213080948199,0,0.431087603923854,0.314142474845036,-0.420217557555036,-0.212922239426903,NaN,11,16
HUBG,34.584279332691,0,0.366703104100158,0.58439310214429,NaN,NaN,NaN,20,51
HUM,43.0167875786451,0,0.497015079601865,0.598988561251242,0.72122544068904,1.18351988429007,NaN,29,53
HXL,34.204053519469,0,0.206214126000856,0.489918554842666,NaN,NaN,551425.226254247,18,33
IAG,38.1404598094904,0,0.297787327873395,0.502994218483063,NaN,NaN,NaN,42,57
IBM,23.8346697477753,0,0.051641911259968,0.207229868499731,-0.792066574189687,-0.570446090138144,NaN,17,21
IBN,44.5605093766296,0,0.469941041970259,0.56361388679851,NaN,NaN,NaN,50,93
ICE,39.3209907141994,0,0.340060383488958,0.510222243869389,NaN,NaN,27920887.2332481,16,46
ICLR,41.7438629615677,0,0.369059831956768,0.613809103069948,NaN,0.33370964458214,18290753.8418861,33,67
IDXX,44.4174317194635,0,0.397465137599554,0.569010372424484,NaN,NaN,NaN,49,83
IFF,45.4612167748452,0,0.458963543213905,0.552742019637034,-0.552016909030602,-0.215007458803614,6896005.93315965,49,72
IGT,42.6824789778379,0.139746418296213,0.37731482579111,0.469293685656375,NaN,NaN,NaN,31,73
IHS,33.7657833163071,0,0.397463158762799,0.577387216777126,NaN,NaN,NaN,29,76
IILG,51.9404658666528,0.125218402831103,0.450552680517994,0.495700719916689,NaN,NaN,2168149.5549637,18,37
ILMN,41.2461352347965,0,0.386154133178723,0.59491117083344,NaN,0.0647052152687091,62646943.7203735,39,59
IM,38.4141414944515,0,0.417211487858749,0.554612627617314,NaN,NaN,6104611.64562464,22,49
IMAX,36.6568133881675,0,0.472701468207548,0.582907632433245,NaN,NaN,NaN,28,61
IMO,49.6453555903378,0.12469374870962,0.535745378463215,0.489985083436868,NaN,NaN,NaN,33,57
INCY,31.6487839079849,0,0.367951589825928,0.534317180132005,NaN,NaN,NaN,20,42
INFA,39.0159046450443,0,0.39337410363964,0.521053347349307,NaN,NaN,NaN,27,68
INFN,44.7715588389651,0,0.49933623809322,0.578318093095149,NaN,NaN,NaN,31,49
INFY,48.9298168995103,0.0833748852499399,0.496162365236759,0.527328122556063,NaN,NaN,NaN,30,67
ING,42.3194789552637,0,0.456824763141465,0.581231105298231,NaN,NaN,NaN,32,59
INTC,41.3527184657083,0,0.427525507965702,0.605970309291186,NaN,NaN,1131091248.85182,33,71
INTU,33.2274673132328,0,0.319412920894673,0.576865267536671,NaN,0.639839898777669,33858711.8687758,22,58
IP,37.2220577694529,0,0.32628385269322,0.44081185267505,NaN,NaN,NaN,43,75
IPG,39.2209785353232,0,0.462985436071711,0.526536807509827,NaN,NaN,77253866.1225499,36,68
IR,43.2786066925653,0,0.391175860075288,0.468228157621671,NaN,NaN,39154268.2805827,27,42
IRBT,50.1988341904568,0.204059109561796,0.444779604352581,0.512312517307644,NaN,NaN,18882492.4392444,26,44
IRM,46.5627089409961,0.121086570462929,0.470980114227553,0.460314809571585,NaN,NaN,NaN,18,40
ISCA,50.1264091892415,0.0735809110502332,0.429942775783003,0.520318747542386,NaN,NaN,2830658.29168456,37,64
ITC,44.4090895324496,0.119693009644154,0.488162182981217,0.538282628068996,NaN,-0.0425221046528096,NaN,24,41
ITG,40.5389127603624,0,0.322948174182885,0.511455740757981,NaN,NaN,3700138.22490219,42,78
ITMN,41.3926556095822,-3.33066907387547e-16,0.494600438160648,0.643930823066714,1.54019083066816,4.06824426503199,34936780.5013335,27,55
ITT,42.4615216861039,0,0.517225892586942,0.560525774995385,NaN,NaN,18325039.1255015,27,53
ITUB,44.837528210082,0,0.220673001241638,0.160121021362872,NaN,NaN,NaN,25,49
ITW,38.4569138659088,0,0.460295516790752,0.543360024044007,NaN,NaN,67386902.167268,32,73
IVZ,41.0861914765387,0,0.440163541071037,0.543216179638153,NaN,NaN,26258077.7551077,43,74
JACK,41.5866630004152,0,0.351221159133785,0.626164134514731,NaN,NaN,7033965.92503862,21,52
JASO,47.9434293931438,0.0995185535742349,0.586571421745951,0.567178963378451,NaN,NaN,NaN,23,55
JBHT,36.6201721209971,0,0.306032287400728,0.478664465241407,NaN,NaN,NaN,48,82
JBLU,42.0426012597655,0,0.415291848839566,0.557822252951971,NaN,NaN,141450885.219715,25,52
JCI,38.9634532477994,0,0.392981215300576,0.511062474702663,NaN,NaN,109026975.296884,34,53
JKHY,42.1337171494347,0,0.350416249000441,0.590324370986948,NaN,NaN,11893816.3721691,25,51
JLL,39.089960734867,0,0.364735669804938,0.580658887204414,NaN,NaN,NaN,37,51
JNJ,40.5534498752436,0,0.447390052060485,0.573143705773126,-0.117503104987403,0.109114270745772,230041028.327149,43,66
JNPR,36.0595481884805,0.273506754736805,0.549483590896148,0.562884348223767,NaN,NaN,NaN,18,48
JNS,44.0804578169569,0.102802848738746,0.365872391415398,0.505369884051321,NaN,NaN,NaN,29,90
JOY,20.6841280953665,0,0.0703991608018713,0.121137972059444,NaN,NaN,NaN,23,36
JPM,37.2950061662505,0,0.366331896363532,0.557799246951162,NaN,NaN,NaN,27,66
JWN,41.4280042832879,0,0.424096202088147,0.552783076242988,-0.0440509347209634,0.164833342596914,NaN,51,79
K,41.9702041877811,0,0.327120484183653,0.430861080200774,NaN,-0.788000519367555,42866160.9781951,44,73
KEX,43.6545384016141,0,0.514605733036115,0.567127124440689,NaN,NaN,NaN,26,48
KEY,45.6897498525496,0,0.425539059228365,0.582144029012589,NaN,0.139989355519349,157453282.188669,33,65
KGC,15.6462596522554,0,0.0981797290759552,0.467004593770501,NaN,NaN,NaN,12,27
KIM,43.9242157360632,0.0804425658931673,0.502247479098246,0.499101736490087,NaN,NaN,NaN,20,42
KLAC,43.3813709535297,0,0.440161549184956,0.591362093120891,NaN,NaN,26518084.1894899,36,71
KMB,42.8591850121314,0.0430661672720787,0.468521317665737,0.529063599787597,NaN,0.132136824664776,59490764.974088,30,72
KMI,45.8847648133501,0,0.416632826709218,0.492671248050542,NaN,NaN,NaN,56,81
KMP,30.5657443958173,0.145561148018841,0.471204488204763,0.51247877419754,NaN,NaN,NaN,21,47
KMX,42.4884911435536,0,0.432012001311013,0.536295097079165,NaN,NaN,10842065.5448299,40,67
KND,39.9327063937961,0,0.482352617311818,0.603905166881127,NaN,NaN,NaN,34,65
KNX,43.3704721896135,0,0.52474460863675,0.556239450495532,NaN,-0.0506624821052788,NaN,33,55
KO,42.4760851822842,0,0.491688347112554,0.519179344597769,NaN,NaN,NaN,21,45
KOF,37.7912984925855,0.297644008226652,0.479065059064177,0.30773254842841,NaN,NaN,NaN,14,22
KR,37.8674614219344,0,0.321669085950001,0.532951945341124,NaN,NaN,110614057.061637,22,39
KRFT,43.3879480014823,0,0.382856198744524,0.573054398824269,0.979134128786378,1.45890129071076,102699628.36284,36,74
KSS,37.5169526059333,0,0.364028153752295,0.505096850928033,NaN,NaN,30056589.8189747,34,89
KSU,37.3217661074401,0,0.403270425596245,0.4931036768686,NaN,NaN,NaN,40,87
KT,55.5619544311512,0,0.434200144932222,0.318650745157488,-0.755397989854123,-0.672322903595378,14725200,39,54
KTOS,43.6547505987523,0.0236773812034035,0.473222784571355,0.582983169198488,NaN,NaN,5520127.44938487,23,35
L,42.556814625185,0,0.471694169836333,0.465739307058221,-0.587238296667027,-0.294422574867698,4994309.19796047,34,52
LAD,32.9871237479424,0,0.348706415031006,0.557622487578552,NaN,NaN,9286346.1028987,22,49
LAMR,41.8570433226471,0,0.438566602066861,0.524796487566757,NaN,-0.601986370863887,NaN,39,59
LAZ,44.0045112735702,0,0.478510573092814,0.555206510728958,NaN,NaN,NaN,32,60
LB,47.1052270537674,0,0.470094013077095,0.540509319911833,NaN,NaN,NaN,169,366
LBTYA,35.7380922885833,0,0.209585600057278,0.468275058551051,NaN,NaN,NaN,21,54
LEN,41.5061765380512,0,0.380024461367793,0.495229298091207,NaN,NaN,NaN,41,77
LKQ,43.4043855810601,0,0.565156531306977,0.584747877247541,NaN,NaN,NaN,23,55
LLTC,52.4601960642459,0.0336197813276262,0.497424456732208,0.590758999783638,NaN,NaN,32112064.8669209,27,56
LLY,38.3829093291916,0,0.426499700098573,0.536199181523461,-0.119990424173926,0.238095809983767,62127129.4563596,26,41
LM,37.9871637844905,0,0.415553330976894,0.598455135028101,NaN,NaN,32980593.2911792,21,60
LMT,35.6041614414875,0,0.463559093656211,0.587265963823679,0.118010907056397,0.440618120400796,92974545.2985296,21,41
LNKD,39.9882817573109,0,0.300120827419384,0.498275564295155,NaN,NaN,15023216.9222106,28,50
LO,43.6849126349548,0.0944625384741316,0.382694649905383,0.419790409450864,-0.329609437190638,0.10443506715647,NaN,21,64
LOW,38.9280211083048,0,0.3477412972058,0.535644679411647,NaN,NaN,34038414.6007299,26,55
LRCX,41.8177105965044,0,0.477762393017445,0.571334176378493,NaN,NaN,46701822.9156755,24,48
LSTR,44.1226552372412,0.00690400888370268,0.50693779907372,0.562087112605894,NaN,NaN,NaN,29,62
LUK,36.469408460199,0,0.115362080689794,0.184003931630009,NaN,NaN,NaN,12,27
LULU,44.6816394039236,0.177970249256225,0.595903927122935,0.52333886442299,NaN,NaN,NaN,16,29
LUV,34.1090848163983,0,0.285495307022833,0.585682115814904,NaN,NaN,206267012.1853,18,42
LUX,42.938826921324,0,0.416145830999844,0.522527808290151,NaN,NaN,3040702.19493249,27,59
LVS,38.2073416086521,0,0.441771260188648,0.593326177517828,NaN,NaN,NaN,26,57
LYG,49.7449919390661,0,0.57900228514104,0.658040845738514,NaN,NaN,NaN,27,54
M,37.071227719143,0,0.369502391571557,0.49002626982052,NaN,NaN,20756456.6238097,31,51
MA,38.0276122805236,0.0306139731386026,0.344655298003065,0.645981807465475,NaN,NaN,NaN,15,34
MAC,45.0691961085904,0,0.518310553010635,0.568500594253088,NaN,NaN,NaN,26,47
MAN,40.7742591245051,0,0.416129002769276,0.492106538466761,NaN,NaN,20132242.0771106,31,49
MAR,39.1129551832955,0,0.419016192832799,0.592260096267456,NaN,NaN,NaN,23,42
MAS,40.6966462168054,0,0.360300663404855,0.52329567052353,NaN,NaN,NaN,25,68
MAT,39.9763298481646,0,0.363776370524306,0.462433375494322,NaN,NaN,NaN,26,44
MBT,25.1770765409426,0.142840729806303,0.315512148534928,0.482802950186838,NaN,NaN,NaN,13,28
MCD,42.2179352510246,0.310370697104448,0.534279916614623,0.784958434499472,-0.467427567159166,0.101011939227129,72795654.052141,11,17
MCHP,37.1297753038196,0,0.477607284854902,0.543856349617469,NaN,NaN,33182363.864209,39,76
MCK,40.2218189668431,0,0.38143857325774,0.523899018390942,NaN,NaN,18308679.8410974,23,38
MCRS,48.9275530508626,0.173795823380165,0.523903544258321,0.501243601961748,NaN,NaN,NaN,21,39
MDLZ,44.4196809528131,0,0.438867911447825,0.592221874984141,NaN,NaN,200456900.263113,35,72
MDT,35.8829206197488,0,0.351458367983722,0.598144409069488,NaN,NaN,32409367.630829,21,45
MELI,43.5116472124173,0,0.350535069609641,0.408084905729112,NaN,NaN,NaN,34,56
MEOH,45.9513510976564,0,0.485594698389519,0.513719755742885,NaN,NaN,NaN,34,54
MET,39.34607153317,0,0.372435675296298,0.599714853436265,NaN,NaN,NaN,35,80
MFC,39.1719632761004,0,0.516603656879918,0.62802121069675,NaN,NaN,28401811.2104259,32,72
MFG,65.2001927716497,0,0.394897694897696,0.299699992648843,-0.795967369011119,-0.80957342063225,NaN,30,44
MGA,47.630445229029,0,0.46711839540294,0.520228329929015,NaN,NaN,22414540.3870078,23,41
MGI,55.5360452909127,0,0.495355146279589,0.460396973485267,NaN,NaN,NaN,17,31
MGM,53.4783121667179,0,0.543650091103905,0.600132199975594,NaN,NaN,42999670.0478387,37,60
MJN,38.333749439966,0,0.341567873126951,0.502742822753697,NaN,NaN,NaN,27,69
MKC,39.8883517582071,0,0.593430904145367,0.589552898241523,-0.224172761484875,0.850316587908253,NaN,22,57
MKTX,37.0332902249046,0,0.519738940625918,0.602150339488691,NaN,NaN,NaN,24,55
MLM,44.3458172748083,0,0.502043501643059,0.523750322293346,NaN,NaN,NaN,28,47
MMC,38.9923873259602,0,0.395244032889287,0.612463212824309,NaN,NaN,75662833.8544055,25,51
MMM,38.6937759256923,0,0.440387217981903,0.599249592154445,NaN,NaN,131558061.660054,22,44
MMP,37.6910712022817,0,0.421714893951302,0.541342171325705,NaN,NaN,NaN,34,57
MNK,45.7196720542776,0,0.420307914228026,0.515398818501085,NaN,NaN,47925147.3953759,45,57
MNKD,42.3121873807119,0,0.455531242658255,0.481083198422229,NaN,NaN,NaN,26,53
MNST,34.5087453075036,0.0460453111739034,0.280617437352066,0.564268132809021,NaN,NaN,NaN,25,58
MNTA,54.9038560101563,0.0749030801915191,0.47009708657748,0.557157711432622,NaN,NaN,NaN,35,67
MO,39.5767126285332,0,0.363883658317425,0.595271105208453,NaN,-0.300522549003928,NaN,33,71
MON,41.7943648198114,0,0.419204484289095,0.488025832646837,NaN,NaN,NaN,33,67
MPC,45.600635886372,0,0.427006595655302,0.518029612859835,NaN,NaN,NaN,60,94
MPEL,44.7755937275741,0,0.55797811617597,0.666622800467464,NaN,NaN,NaN,17,53
MR,43.5270306820011,0.132663724020873,0.337855586515907,0.491111607210494,NaN,NaN,11803108.2766838,24,39
MRK,40.6415071999059,0,0.439451212500238,0.568789419204928,NaN,NaN,NaN,35,75
MRO,36.2983755957032,0,0.218773553907798,0.43954043542504,NaN,NaN,NaN,39,92
MRTN,43.2638893495205,0,0.351886799677253,0.416075201328518,NaN,NaN,714227.080926869,24,70
MRVL,45.1357909471986,0,0.450240357196458,0.502650038198774,NaN,NaN,35492312.2321318,49,73
MS,42.2430991949127,0,0.447886146999975,0.54506581911677,NaN,NaN,124933695.636413,33,64
MSCI,33.4713768844167,0,0.280088763202605,0.582543835766406,NaN,NaN,NaN,19,46
MSFT,43.2503052247923,0,0.433529221645707,0.616914243454991,NaN,NaN,518377140.332223,28,62
MSI,46.1562012901506,0,0.38569338620938,0.473371329010006,NaN,NaN,30787203.7313786,68,101
MSM,47.7006011647533,0.0452007611850889,0.499760151759884,0.56576554290034,NaN,NaN,NaN,30,57
MT,45.7618790453987,0.40735395735768,0.417927924328474,0.465156507801607,NaN,NaN,NaN,45,67
MTB,47.504783876382,0,0.488408373245019,0.543305099590436,-0.392848849578928,0.120612819396222,NaN,40,81
MTU,40.7488293447856,0.0698389124597869,0.378153310969745,0.534677175931192,NaN,NaN,NaN,31,43
MU,44.6908949167175,0,0.489680438380077,0.57677678717535,NaN,NaN,1271131147.99902,40,53
MUR,39.8251227067419,0,0.405905720624218,0.419396125109686,NaN,NaN,NaN,15,49
MWE,46.1041468142331,0,0.40718853137566,0.513641034167133,NaN,NaN,NaN,35,54
MWV,33.9291183344663,0,0.347789818776891,0.552305992861829,NaN,NaN,NaN,24,67
MXIM,38.3012545247867,0,0.37776825467877,0.52493314515763,NaN,NaN,NaN,29,83
MYGN,54.4911158787317,0,0.562210693053381,0.511020808918892,NaN,NaN,NaN,41,66
MYL,44.8509756763564,0,0.462522951464772,0.529778627854564,NaN,NaN,187193507.004296,40,62
NAV,38.5431940676237,0,0.512785855458025,0.420546267001247,NaN,NaN,NaN,30,61
NBG,35.8225219527911,0,0.301288972729525,0.374019053434551,NaN,NaN,NaN,52,73
NBL,53.4834625439261,0,0.40363285867584,0.326574534608634,NaN,NaN,NaN,16,32
NBR,46.7197803160702,0.022235804086113,0.469319502958785,0.548129154111522,NaN,NaN,NaN,27,60
NCMI,35.3329628404251,0,0.624141551412726,0.558636774385191,0.650752171012299,0.99771559407523,NaN,23,49
NDZ,48.9427792261439,0,0.41835594934563,0.703601644430383,2.11223714129311,2.85923556660141,4549156.50628937,17,43
NE,35.0367229567439,0,0.390260036172265,0.467261050838618,NaN,NaN,NaN,12,27
NEE,43.9198672972863,0,0.480837376492651,0.50493418937061,-0.0673736549618381,0.222195492871085,53601296.8497039,42,76
NEM,39.8568845012786,0,0.471014495629169,0.287208786193134,-0.343126592360044,-0.267107767890967,NaN,9,12
NFG,44.3445366317497,0,0.427655840591133,0.492532774430646,NaN,NaN,NaN,35,66
NFLX,37.1250888373821,0,0.266867441845936,0.527668712254171,NaN,NaN,NaN,37,65
NGG,46.4934538001867,0,0.366304788630188,0.60709728909576,NaN,NaN,NaN,22,52
NI,44.1490240289781,0.000558036061738321,0.367396100614625,0.532559946277712,NaN,NaN,NaN,24,44
NILE,43.3270901497322,0,0.36559395393327,0.451606817808504,NaN,NaN,NaN,28,54
NJR,38.4580952729512,0.0760832237111466,0.326748296017941,0.568873593361834,NaN,NaN,6196741.34943312,20,56
NKE,39.3446964545507,0.0854303915104113,0.356693652209449,0.63688173142252,NaN,NaN,51665526.8304521,22,50
NLY,45.2908463390104,0,0.42427328910585,0.475507810055701,0.437414874995643,-0.155745988734052,NaN,59,27
NMR,46.5168145879323,0.334060207025847,0.567658110213927,0.642524303140045,NaN,NaN,NaN,12,19
NOC,37.6876870475237,0,0.333663451296817,0.613811102694423,NaN,0.370050032463251,105248415.583242,14,42
NOK,46.2402705379723,-6.66133814775094e-16,0.469281664132775,0.600472103370583,NaN,NaN,1252334293.23612,36,88
NOV,47.9117411194772,0.0545904333454355,0.44547130725604,0.513558282030026,NaN,NaN,NaN,34,63
NOW,37.64172511367,0,0.388963009685957,0.612719462595985,NaN,NaN,NaN,26,64
NRG,42.25049644963,0.0670932085610996,0.373691391178932,0.530771162246129,NaN,NaN,NaN,27,63
NS,41.528053255844,0.0266132393895993,0.415779540772172,0.459170256716333,NaN,NaN,NaN,47,75
NSC,43.2800354846483,0,0.413653142396204,0.57078219817228,NaN,NaN,43471265.4465572,21,49
NSH,37.6691144192712,0,0.393067722982661,0.490255019834299,NaN,NaN,NaN,39,57
NTAP,44.8571478881159,0.0126595717687452,0.364602299577691,0.509767790559632,NaN,NaN,83488118.9800122,28,61
NTES,43.632597513542,0,0.409758746156609,0.605438134844361,NaN,NaN,15961908.5497718,32,58
NTRS,36.1756335983614,0,0.432531532236254,0.534787299551855,NaN,NaN,27340842.4498097,27,65
NTT,38.2409282353081,0,0.288638907402401,0.512851235575861,NaN,NaN,14644184.3738008,27,62
NU,40.3516541564786,0.116237879828639,0.510081617848629,0.614775430940997,NaN,NaN,NaN,16,43
NUE,46.4848988228277,0,0.462054592098667,0.504742434723601,NaN,NaN,NaN,43,83
NVDA,38.9976299659308,0,0.38068950558984,0.494159397430538,NaN,NaN,NaN,30,52
NVO,41.0353688299636,0,0.000660372992482783,0.0469452016593745,NaN,NaN,1914800,6,11
NVS,36.0918926937216,0,0.365763868082077,0.563620475733835,NaN,NaN,48262033.717161,32,53
NWBO,34.236641177742,0,0.339701780796092,0.340535596726843,NaN,NaN,5531770.33696077,15,27
NWSA,34.2213743943892,0,0.288965533853966,0.45226951663944,NaN,NaN,NaN,24,35
NXST,28.0429297838451,0,0.324385738495038,0.543083552374961,NaN,NaN,NaN,28,61
NYCB,45.1084386524836,0,0.472783133162704,0.664907161487886,NaN,NaN,64768447.9146359,28,65
NYT,34.8411269293605,0,0.330532340568676,0.497654277126687,NaN,NaN,35404609.1474143,30,61
O,29.2165545587604,0,0.165432601423209,0.554199597006983,NaN,NaN,NaN,21,36
OC,37.7240134248463,0,0.346626919119914,0.441703849521544,NaN,NaN,NaN,32,52
OCRX,50.5276330696426,0.271323710472178,0.65455285485849,0.472219012270888,NaN,NaN,NaN,20,51
ODFL,39.4471414974082,0,0.454675114685177,0.708415933576342,NaN,NaN,3533732.10629802,18,41
ODP,44.4061221966009,0,0.34044786523315,0.446822154589607,NaN,NaN,NaN,56,98
OGE,43.0920498961464,0.167514770432118,0.533257371885397,0.761630350520485,NaN,NaN,13168481.9954201,12,19
OI,49.5358230255591,0,0.503265915097617,0.510688421161885,NaN,NaN,NaN,31,50
OKS,41.1690504773069,0,0.400316128382439,0.230638314488332,NaN,NaN,NaN,22,32
OMC,42.8588623116845,0,0.415784862441353,0.53156169045521,NaN,NaN,17814479.1881071,44,62
OMI,35.5150766182925,0,0.269553605768368,0.553301575417069,NaN,NaN,NaN,23,53
ONNN,45.5606025030338,0,0.560703602822695,0.622613024109333,NaN,NaN,67238994.5864588,29,48
OPEN,47.1081301835498,0,0.323157272474061,0.507764328472248,NaN,NaN,6389362.62570535,25,44
ORA,42.971090560259,0,0.376110630949211,0.504675310825784,NaN,NaN,NaN,30,63
ORAN,55.1888159342754,0,0.468173502665309,0.517354715605642,NaN,NaN,8996036.42123827,59,99
ORCL,44.514011594244,0.0439432636169552,0.519636691343042,0.549986584024718,NaN,NaN,NaN,41,77
ORI,42.2835041233075,0,0.314754182331055,0.581689166527556,NaN,NaN,52185684.9886761,20,39
ORLY,39.456226066672,0,0.488103974074044,0.623145950099405,0.0996377893173357,0.737208893700997,37571412.2324696,16,42
OSK,50.4853218985688,0,0.576187447962478,0.539305820119907,NaN,NaN,9734531.97289598,27,64
OXY,40.9391862997491,0,0.362005843173213,0.514167860574251,NaN,NaN,28876589.9170987,40,67
OZM,48.444790941582,0.226701987239966,0.458669360343826,0.549736921283428,NaN,NaN,NaN,16,38
PAA,45.7710438898558,0.068928949961989,0.491170759536017,0.495592887381179,NaN,NaN,NaN,24,58
PAC,42.3697857318919,0,0.574042087293563,0.613468439363826,0.356795845106322,1.76528429852546,925221.739841815,28,68
PAG,44.5216995486658,0,0.470047818161956,0.60324015574928,NaN,NaN,10026164.6187673,38,70
PANW,45.0808161185167,0,0.400433678342871,0.594731401824579,NaN,NaN,NaN,19,39
PAYX,46.2888604422882,0,0.52533160203304,0.556047928986575,-0.127209609324811,0.293198127017166,24023559.3798364,30,55
PBA,42.433814220227,0,0.465811131924939,0.529851946561374,NaN,NaN,NaN,30,57
PBCT,49.4749201293747,0,0.492920076266506,0.598759637307045,-0.045192923824062,0.194320232291429,29993533.6154844,34,52
PBI,45.3094303176239,0,0.511153616822011,0.531819975668804,NaN,NaN,50384759.6590806,22,61
PBR,24.5202483756917,0,0.0686571099643261,0.26471587339364,NaN,NaN,NaN,12,27
PCAR,41.025293568276,0,0.398531793760974,0.505525518449638,NaN,NaN,18743411.0551837,46,63
PCG,51.3007639550208,0.0930852562091105,0.608609100290083,0.605966142124365,NaN,0.282590528607752,86987382.5059029,20,39
PCL,42.5218901731877,0.0793741444417315,0.427101326396254,0.686958627678624,NaN,NaN,NaN,16,28
PCLN,37.0447987026813,0,0.580827541817923,0.573303304013728,NaN,NaN,NaN,16,34
PCP,39.0313535774765,0,0.356589675958286,0.559005002312552,NaN,NaN,NaN,46,75
PCRFY,35.8488381061273,0,0.223432787388214,0.503330038355972,NaN,NaN,NaN,49,90
PDCO,44.7438553058825,0,0.388637817900793,0.528501532686862,-0.588493633962244,-0.324801722043156,NaN,50,73
PEG,41.7562888975977,0.0325753729802789,0.494268041673555,0.550771475333039,NaN,0.0467900053825085,101025556.424855,26,72
PEP,43.0214181975103,0,0.59443270173082,0.616027325087786,NaN,0.208836529167784,88963333.5083945,31,63
PETM,40.3251477229934,0,0.484670085041326,0.614560470752957,NaN,NaN,NaN,26,46
PFE,42.2037932904297,0,0.496643598726208,0.551576041131637,-0.326943225452618,-0.102368617548146,NaN,54,90
PFG,37.2626512181673,0,0.403119159317402,0.647078655366426,NaN,NaN,36666729.5907476,26,63
PG,42.5826857568896,0.107309328336266,0.397431533826528,0.578480359244752,NaN,NaN,NaN,27,63
PGH,46.3243449524072,0,0.42280617335638,0.372141239095524,NaN,NaN,NaN,34,73
PGR,31.5821160031473,0,0.255258204811674,0.552788417222484,NaN,NaN,NaN,18,53
PH,45.0233219613801,0,0.50131416048158,0.478608706846903,NaN,NaN,NaN,43,86
PHG,50.6857901425693,0,0.546856676918639,0.573470714548975,NaN,-0.0690499369255355,NaN,43,57
PHM,30.8738187504332,0,0.172689740499782,0.322745111028014,NaN,NaN,NaN,21,54
PII,41.4204813740031,0,0.433106851355876,0.601101880253328,NaN,NaN,NaN,28,66
PJC,40.1514049763799,0.0292035176662675,0.449175639581048,0.519020210521639,NaN,NaN,NaN,27,62
PKG,41.0735994602005,0,0.402431625244947,0.613287041779076,NaN,NaN,31879918.9566409,25,56
PKI,40.9132155887024,0,0.302706341606764,0.521268134915993,NaN,NaN,25547943.373173,38,71
PKX,43.1130236947825,0.25227049623111,0.528107696477483,0.563557842118153,NaN,NaN,NaN,21,39
PL,35.6254914530139,0,0.308843218013397,0.691301392458054,NaN,NaN,12954150.6890493,18,40
PLD,34.1640567656316,0,0.343734327707309,0.593559870067567,NaN,NaN,NaN,15,40
PLL,42.4471542859936,0,0.356052713228251,0.477008095678929,NaN,NaN,NaN,11,29
PM,68.1030698781257,0.251378137177662,0.439979119536268,0.325472076521211,-0.581039964407287,-0.422308543083505,NaN,12,18
PNC,37.0738281975054,0,0.41424389586905,0.578763590827484,NaN,0.368331261316118,82596536.2416537,21,61
PNR,47.0658029812151,0,0.450226073380338,0.67042622746225,NaN,NaN,NaN,19,30
PNRA,41.4186355800427,0,0.40204897060477,0.408167548821173,NaN,NaN,NaN,20,44
PNW,53.2266177244946,0.268694821606298,0.617306617631755,0.562932421183207,NaN,NaN,NaN,21,42
PODD,47.2200258817729,0,0.528853451388754,0.639893192610958,NaN,NaN,NaN,29,48
POM,32.7513030612571,0,0.476251436791149,0.627504681913718,NaN,NaN,NaN,16,42
POR,43.0329529169704,0.0679557026681747,0.375273897853453,0.509748667382608,NaN,NaN,NaN,19,58
PPG,43.7148893316714,0,0.39627715283935,0.504175555909141,NaN,NaN,NaN,35,61
PPL,50.7512859311648,0.0198678572050965,0.496366081152952,0.60979541190166,NaN,0.0525226432805175,56572272.7967623,32,77
PPO,31.6887710055367,0,0.258182146477853,0.472250161152803,NaN,NaN,NaN,32,85
PRU,50.5324787983497,0,0.571454925300396,0.650470645306818,0.518439638678813,1.09716643889395,24501523.4586301,43,77
PRXL,44.9939826088229,0,0.271236882761236,0.590520846243408,NaN,NaN,13840181.9625086,23,64
PSA,38.786852539977,0,0.385549947410526,0.484775430983792,NaN,NaN,NaN,25,73
PSO,39.7555806994463,0,0.4224021814284,0.491059330128626,NaN,NaN,NaN,23,58
PSX,41.8194679207885,0,0.435994860902353,0.568209466942133,NaN,NaN,NaN,26,61
PTEN,49.7246667323328,0.037119286870652,0.489293384378166,0.471185632297144,NaN,NaN,35521501.7411671,24,53
PUK,46.1153699618388,0,0.389531897323025,0.534187528613835,NaN,NaN,NaN,30,53
PVH,46.2625806248994,0.125753223799963,0.422336647542814,0.48472068216863,NaN,NaN,NaN,24,55
PX,44.6993103995772,0.00137331520605377,0.488453086079103,0.532227050797546,NaN,NaN,NaN,19,55
PXD,46.5934818433051,0.12886756496659,0.450553678641717,0.441219083714075,NaN,NaN,NaN,31,67
Q,46.1573638658819,0,0.34703699057751,0.593035471786299,0.178065309951343,0.540085725157705,38423491.0082761,37,60
QCOM,40.0036491801603,0,0.407361552782984,0.517426676466132,NaN,NaN,NaN,27,70
QGEN,42.0569647288212,0,0.401634998983348,0.549723921279043,NaN,NaN,NaN,32,62
QVCA,36.23293840377,0,0.327689858719802,0.488322983432745,-0.911154893347871,-0.612184850784797,28639063.5537228,21,32
RAI,42.7530797864081,0,0.420299195935152,0.595983026359764,NaN,0.368028417748966,NaN,25,58
RAX,15.0622952174599,0,0.0450103706677367,0.184523633621479,NaN,NaN,NaN,12,27
RBA,46.0301900369731,0,0.379438663006301,0.523607291365043,-0.125370255382788,0.105303489204821,NaN,55,89
RCI,51.0200357309235,0.270863619599932,0.620285502613422,0.735470070441972,-0.126386636963399,0.141899624621327,NaN,13,20
RCL,39.8559322202318,0,0.413779835362416,0.631658752520956,NaN,NaN,NaN,28,58
RDC,44.8458796582626,0,0.23451574553501,0.310092660653462,NaN,NaN,NaN,11,21
RDY,39.8084328095481,0,0.401604146966561,0.610873551833397,-0.556900432591992,0.4657636355295,NaN,31,77
REGN,43.8593527932352,0,0.499612527758854,0.542429203639362,0.0690740040538489,0.78156781545267,NaN,34,67
RF,47.228812783532,0,0.454937353681119,0.569320460962202,NaN,NaN,216271717.885721,28,59
RGP,45.5815008647908,0,0.367526119789669,0.515046356154964,NaN,NaN,NaN,39,74
RHI,42.790988653139,0,0.496410951863887,0.576096016489476,NaN,NaN,11583125.9226637,33,64
RHT,42.6419747443652,0,0.390412897953409,0.603966457079063,NaN,NaN,NaN,47,89
RIG,42.8151169470605,0,0.326773349548821,0.445487828203136,NaN,NaN,NaN,83,95
RIO,29.1075552724115,0,0.3022838143568,0.331348394968974,NaN,NaN,NaN,12,23
RJF,39.5472542781587,0,0.407533842944949,0.594590606194238,NaN,NaN,NaN,39,74
RKT,41.9211455443458,0,0.352645026656247,0.492748790428618,NaN,NaN,6759126.54868933,19,39
RL,55.6854342045731,0.331280609574928,0.619504693479868,0.464712197801242,-0.115375500887984,-0.173688603271189,NaN,15,21
RMD,44.0026001305756,0.130745511902649,0.494618497456162,0.476793816578517,NaN,NaN,NaN,30,90
ROC,44.0929091997637,0,0.451652906863389,0.568004942307538,NaN,NaN,10663786.514439,32,57
ROK,44.64447586441,0,0.385748703934133,0.552241479818953,NaN,NaN,8778548.91890183,21,49
ROLL,47.4738122514828,0,0.475837030772341,0.573418161286141,NaN,NaN,1742871.28622159,55,79
ROP,45.7820393536015,0,0.439602519145188,0.520992580949466,NaN,NaN,10129662.8380956,43,60
ROST,44.1698543617801,0,0.626934760871728,0.545482754246063,NaN,NaN,NaN,32,61
ROVI,56.2860630351748,0.285013814790207,0.534809023127366,0.429185513168502,NaN,NaN,NaN,15,28
RRC,51.1460475009325,0,0.584848086151055,0.496774241624193,NaN,NaN,NaN,21,55
RRD,47.2992546789694,0,0.470707326571186,0.557628154108122,NaN,NaN,42836830.1601302,22,35
RRGB,41.5317634449916,0,0.403428424659802,0.557277057316291,NaN,NaN,2827753.57837785,28,51
RS,46.4969761972193,0,0.411253857281586,0.504949277389371,NaN,NaN,5166157.36046803,30,48
RSG,49.2123063166224,0,0.4483846839975,0.543632519581353,NaN,NaN,41871039.3016921,28,54
RSH,72.364952779432,-2.22044604925031e-16,0.411625721765865,0.425843086758883,NaN,NaN,NaN,26,59
RTN,44.5039715672808,0,0.379186026827286,0.531720037544347,NaN,NaN,98934109.4508954,31,57
RVBD,46.2572661748469,0.0292278036669864,0.365588782665957,0.546902181409657,NaN,NaN,NaN,15,33
RY,46.5779386562814,0.131699767007926,0.563519139733509,0.557464827632396,NaN,NaN,NaN,38,70
RYN,48.5919978496168,0.096885928318166,0.53320975813247,0.527606356217387,NaN,NaN,NaN,12,23
SAH,45.7244867305733,0.100034880813767,0.540296721456757,0.530636365961309,NaN,NaN,NaN,15,36
SAN,41.0351757304691,0.128816891894771,0.401710489424004,0.547842344371901,NaN,NaN,NaN,35,78
SAP,42.2453558293288,0,0.352743661600625,0.385736459982274,NaN,NaN,NaN,36,51
SBAC,44.2475422820022,0,0.350544613805613,0.560930112442422,NaN,-0.570529591034475,58028391.8927814,35,65
SBUX,41.401164140499,0,0.494496816105858,0.617554404882274,NaN,NaN,NaN,20,58
SCCO,18.6307747328873,0,0.205018091511873,0.351186807951079,NaN,NaN,NaN,12,27
SCG,47.6858471943574,0.235224515159934,0.647181475597908,0.522683460827396,NaN,NaN,12661328.8852831,16,41
SCHN,39.3383101149522,0.151503367306144,0.473957937995345,0.530177228911889,NaN,NaN,NaN,28,46
SCHW,44.988825426046,0,0.452166233648116,0.636593981848766,NaN,NaN,256401732.983195,23,55
SD,38.9813379785083,0,0.234598707213838,0.17598637274617,NaN,NaN,NaN,32,69
SDRL,44.9572150507252,0,0.478311994032226,0.494559302483895,NaN,NaN,NaN,29,43
SE,39.7798369175845,0,0.330912625226667,0.437667878395915,NaN,NaN,121628326.445748,35,59
SEE,35.7518968149113,0,0.316868619194875,0.62313092660127,NaN,-0.16437832490256,89698612.3214198,25,42
SEIC,41.5688527807574,0,0.382970736087217,0.602396674404261,NaN,0.0634097937244233,13530043.1405287,29,51
SEM,45.7544156784805,0.129493283970792,0.331657244214288,0.415080391503719,NaN,NaN,NaN,27,63
SEP,43.8579206170924,0,0.442667373452693,0.477574106841858,NaN,NaN,NaN,57,91
SF,42.8011694459399,0,0.456651799878081,0.598569533204413,NaN,NaN,11273449.037933,37,77
SGEN,35.8437510204621,0,0.214802566534913,0.514987077468753,NaN,NaN,NaN,30,54
SHLD,38.1769390347196,0,0.333806540799948,0.381983347003162,NaN,NaN,NaN,28,52
SHPG,35.0290907519755,0,0.368809290501838,0.660679010854391,NaN,NaN,17285007.699618,24,67
SHW,40.7260803504349,0,0.454463745058029,0.545072207962033,NaN,NaN,NaN,37,65
SIAL,43.7121191618,0,0.389052727617681,0.601645491510373,0.298300773264835,0.688132841627327,12306194.3832315,18,41
SID,45.6053999831856,0.164674201923033,0.318594219857295,0.369213326264308,NaN,NaN,NaN,21,30
SIG,40.9116324048086,0,0.446886767978227,0.514891817206782,NaN,NaN,24689882.0679403,24,46
SINA,44.7776654023824,0.0632975958783077,0.47033271001159,0.606765593275375,NaN,NaN,NaN,27,49
SIRI,44.2876653333543,0,0.448105587184114,0.525188007772303,NaN,NaN,NaN,28,50
SIVB,43.4548865866021,0,0.456026374580671,0.614873942732729,NaN,0.384942095116602,9376326.08233656,30,50
SJM,37.034730459218,0,0.377842859388424,0.539567449790677,NaN,NaN,5152477.91326811,24,52
SJR,44.8758044076396,0,0.390460115405403,0.452782520544072,NaN,NaN,NaN,55,74
SKM,42.53241702692,0,0.407117052799958,0.540539450893487,NaN,NaN,21249783.1199803,40,78
SKT,51.4089548691346,0.220579263168029,0.506029017385642,0.540804482913484,NaN,NaN,NaN,17,47
SKX,38.8002183711858,0,0.323689639219368,0.661033758583916,NaN,NaN,31697193.7590128,22,42
SLB,43.4412715911118,0,0.508010407871915,0.535539314818869,NaN,NaN,NaN,34,58
SLF,44.2196773548946,0,0.529969398415008,0.631400716500189,0.511185158798487,1.05816904564468,4334953.82445696,33,73
SLGN,45.4718568745109,0,0.499592941441427,0.48371315595416,-0.147645547337236,-0.00950098697902357,NaN,57,84
SLW,42.0142450193559,0,0.101886690291978,0.420001790584418,NaN,NaN,NaN,13,17
SLXP,35.4531385157443,0,0.426243475344428,0.631363521158932,NaN,NaN,26530234.6433713,25,49
SNA,35.3754046278377,0,0.32905956106283,0.598016405048246,-0.423311946747537,-0.135194361893015,4179215.41488818,24,34
SNDK,38.5041435623595,0,0.455636116958237,0.499395218788039,NaN,NaN,NaN,25,41
SNI,44.4872605205077,0,0.465680107061062,0.551493639374208,NaN,NaN,NaN,29,45
SNN,33.9471512345103,0,0.229622427416255,0.532756387640553,NaN,NaN,390552.413264552,25,54
SNX,43.9531571765144,0,0.398894126249426,0.643107570432561,NaN,NaN,NaN,40,84
SNY,37.4862418475087,0,0.309743607936607,0.453321646616458,NaN,NaN,16710007.9030288,12,39
SO,37.9252148800699,0.127329771483918,0.342454628454847,0.450722019259636,NaN,NaN,NaN,13,34
SOHU,46.0158185157204,0,0.459354449068521,0.57959609425956,NaN,NaN,12015434.696422,24,43
SON,52.6387911110967,0,0.575067865725838,0.521598856032381,NaN,NaN,13428003.1430798,40,78
SONC,38.8244584073201,0,0.403422076157272,0.627503621491588,NaN,NaN,NaN,25,51
SPG,39.6434846054465,0.0791472865597731,0.426152474981374,0.482923535085265,NaN,NaN,NaN,28,59
SPH,40.2879274314211,0.205926479964208,0.422847812234435,0.560264548656819,NaN,NaN,NaN,13,24
SPLS,45.1563005258918,0,0.422531264765304,0.510908269411901,NaN,NaN,231470318.16685,30,67
SPR,36.5884966849085,0,0.346547752925886,0.637046263016311,NaN,NaN,87117001.9848125,15,54
SPW,37.1058272479197,0,0.456027511667061,0.560682773090611,NaN,NaN,NaN,24,68
SPWR,46.2242343024269,0,0.427011553498635,0.477612764842233,NaN,NaN,101648601.852496,40,70
SRCL,44.075131215562,0,0.439929627573462,0.497279260182917,-0.219293888587749,0.088149035942698,10721962.4472501,29,65
SRE,42.2184812529379,0,0.422798665766566,0.59717973705844,NaN,NaN,22954634.6442234,22,41
SRI,45.0118614188371,0,0.508203511975883,0.672834536974481,NaN,NaN,7337949.16457665,19,35
SSL,39.5212857500008,0,0.357505295482281,0.497699584345586,NaN,NaN,NaN,34,64
SSYS,34.8992533419407,0,0.523506080295027,0.549980846514993,NaN,NaN,NaN,19,62
STI,42.2656790454429,0,0.433537503340653,0.583589594206659,NaN,NaN,NaN,25,61
STJ,37.2298469093186,0,0.351696158442194,0.503234040956099,NaN,NaN,49156577.1994658,28,57
STLD,42.2065963369243,0,0.449250473320568,0.560527940845528,NaN,NaN,NaN,36,71
STM,39.5341400212519,0,0.300910895503495,0.362837992434591,NaN,NaN,NaN,32,55
STO,49.2818596099685,0.108778390736325,0.572839102418621,0.573004479734969,NaN,NaN,NaN,24,45
STT,45.3777896137105,0,0.43979243478263,0.579910113714585,NaN,NaN,47363209.4621171,44,82
STX,37.7439553202393,0,0.405346159753712,0.591183539601178,NaN,NaN,62026118.6886319,37,80
STZ,37.7242343776238,0,0.504516656597922,0.573420904354382,-0.532874176672557,0.423525865737282,84387368.6223111,14,35
SU,48.1340173478382,0,0.511573851785048,0.496041059045108,NaN,NaN,NaN,48,79
SVU,46.5102030185534,0,0.429618278108113,0.513742377082229,NaN,NaN,NaN,46,80
SWK,33.0301750017525,0,0.329172389851254,0.593477978990446,NaN,-0.032965605852922,NaN,20,55
SWKS,38.0819904850117,0,0.397088936198728,0.640686099472059,NaN,NaN,122223985.49052,26,50
SWN,34.0567860699679,0,0.320146145912699,0.335297695303283,NaN,NaN,NaN,33,60
SWY,46.6457933306349,0,0.29831446543032,0.512566175240858,-0.486034326331308,0.0831375929160363,149508318.843871,28,46
SXL,48.2477879076567,0.127120821873288,0.448530711622525,0.523613152390686,NaN,NaN,NaN,23,49
SYK,40.254036753227,0,0.465361104239153,0.590767004583506,0.0659823193545199,0.217221962910614,NaN,36,51
SYMC,24.5107231462026,0,0.181162814131024,0.480419136080677,NaN,NaN,NaN,15,32
SYT,43.6940020328459,0.292446833375111,0.3651388174892,0.433910831741698,NaN,NaN,NaN,22,31
SYY,46.8443507996281,0,0.474308966305599,0.481838950572429,NaN,NaN,77537853.3110044,46,76
T,43.8430622277582,0.319536872307787,0.641018892093063,0.668188956926354,NaN,0.153673871931452,266198783.085906,8,14
TAC,27.35174996697,0,0.072205129191796,0.154624766272853,NaN,NaN,NaN,43,62
TAP,42.8450088928405,0,0.412832107027928,0.549333258332807,-0.0542610718378518,0.264490484990861,NaN,32,49
TCB,48.656236677403,0,0.46840848377028,0.573690606685449,NaN,-0.326100984693063,22868205.5231236,33,77
TCK,10.1408738584554,0,0.219106910691069,0.383603819381509,NaN,NaN,NaN,12,27
TCO,50.5358750561331,0.146860616417747,0.375837087310669,0.4399496323721,NaN,NaN,NaN,14,65
TD,45.0748815380195,0,0.551000125552488,0.537299643714931,NaN,NaN,NaN,32,56
TDC,46.8201573466722,0,0.0512064249101556,0.359517212170791,NaN,NaN,NaN,12,27
TDS,43.8912531872507,0.140564452881108,0.492056120243061,0.617843711435962,NaN,NaN,NaN,21,46
TE,43.145139379531,0,0.485566005164344,0.49750723401033,NaN,NaN,NaN,30,64
TEL,42.1730137138059,0,0.421438872777262,0.514739536440248,NaN,NaN,21903657.0779343,34,54
TEN,34.9652555841263,0,0.535261615189081,0.577775608532315,NaN,NaN,1973150.48369525,22,43
TER,43.2810256084934,0,0.35199753109278,0.563426982283086,NaN,NaN,58828348.1294618,37,109
TEVA,42.4789325518515,0,0.434291755017977,0.526300622848591,NaN,0.436856884788293,NaN,27,60
TEX,42.5352114847239,0.0557435597577782,0.466015957342652,0.561294418872918,NaN,NaN,NaN,19,48
TGT,40.1939974564051,0,0.391940281364809,0.639679434652164,NaN,NaN,NaN,29,57
THC,34.6475869209569,0,0.238046461685013,0.452357391692126,NaN,NaN,NaN,29,56
THI,33.5981252696927,0,0.247516054356195,0.554133249133921,NaN,NaN,6682016.29058525,19,71
THOR,37.9020345891092,0.091288730227884,0.408970021497599,0.589821072431499,NaN,NaN,NaN,23,49
TI,48.3219318816784,0,0.477715253592462,0.537490804528634,NaN,NaN,NaN,39,76
TIBX,51.4491706032352,0.202733905250836,0.459980368427157,0.51252737070312,NaN,NaN,NaN,20,40
TJX,36.5532000543255,0,0.368693593491637,0.541690340924188,NaN,NaN,51640852.7618407,20,49
TKR,35.1864274103286,0,0.352320747791594,0.41178906765706,NaN,NaN,NaN,36,64
TLM,15.3789767929441,0,0.0391569583298903,0.268867116912783,NaN,NaN,NaN,7,12
TM,35.7922750196989,0,0.443850474505787,0.459640803073186,NaN,NaN,NaN,28,62
TMHC,60.3427959389293,0,0.0980678669682118,0.0806439795902771,NaN,NaN,18265500,9,15
TMK,44.3223023575604,0,0.449290239539152,0.674450905811766,NaN,NaN,13078646.2556311,23,53
TMO,43.9756170437541,0,0.507950133923689,0.569367602451295,NaN,NaN,NaN,33,58
TMUS,49.2003820262864,0,0.475090097331976,0.577997943215462,NaN,NaN,263781904.110364,36,58
TOL,40.8378610920824,0.0704821049802111,0.362926689535266,0.536903952569539,NaN,NaN,NaN,29,69
TOT,51.3746402169569,0.0804958757360446,0.594936687973467,0.587692969542365,NaN,NaN,19731756.1561325,37,66
TRI,43.4368824264931,0,0.422215634407422,0.501423704314947,NaN,NaN,15938274.2625248,38,81
TRIP,44.0852855975531,0,0.336705960616018,0.519969306127367,NaN,NaN,41834134.2446062,34,73
TRMK,45.1909842159266,0,0.358382975159015,0.558544777674324,NaN,NaN,NaN,28,53
TROW,39.7474380506594,0,0.408360797876641,0.510666835241273,NaN,NaN,NaN,40,84
TRP,46.6930925205607,0.0466351393921052,0.482552699974915,0.521450336743178,NaN,NaN,NaN,35,63
TRV,34.5451693278302,0,0.34220194407079,0.635936386723472,NaN,NaN,NaN,24,86
TRW,36.7535472710342,0,0.412897071947196,0.606616328617981,0.214438822150866,0.934694088131689,13367916.7930133,20,44
TSL,44.1423669477238,0,0.482953239016577,0.614553104039271,NaN,NaN,78440683.4849495,39,75
TSM,46.2769506845157,0,0.465554761500601,0.528057327819663,NaN,NaN,NaN,52,84
TSN,44.1272172145558,0,0.393548601862069,0.532789899465038,NaN,-0.172932276539885,138654409.966243,26,56
TSO,43.3275092107342,0,0.369006890667367,0.506954814747399,NaN,NaN,103006484.47918,28,71
TSS,33.9852188138263,0,0.472011055955928,0.543608295121156,-0.230983939568903,0.18178183076106,NaN,25,48
TSU,42.8901843385062,0,0.388988484303299,0.485237918558465,NaN,NaN,NaN,51,86
TTM,50.3784063983762,0,0.449158589710071,0.477372348160713,NaN,NaN,NaN,69,87
TU,5.77924504208495,0,0.0173501577287065,0.164113283781442,NaN,NaN,NaN,4,14
TV,43.082421057397,0,0.384603649489465,0.531983399372927,NaN,NaN,NaN,40,82
TWI,37.1345134630667,0,0.230595803105403,0.291347460359416,NaN,NaN,NaN,35,43
TWC,26.3567584974927,0,0.243398798194631,0.568239768353127,NaN,0.268505028353756,32982702.5809005,23,68
TWX,37.262530264114,0,0.372202109605672,0.568841328851476,NaN,NaN,NaN,40,73
TX,42.1676133172686,0,0.432727139180304,0.522833332384442,NaN,NaN,NaN,28,53
TXN,41.470145248502,0,0.443268423913811,0.583183958731709,NaN,NaN,233710765.732235,33,57
TXRH,37.0173989116206,0,0.37341537957521,0.628217244230692,NaN,NaN,16701187.459651,25,57
TXT,42.7860401267607,0,0.454932081024221,0.518195218556506,NaN,NaN,50288945.0279963,29,71
TYC,44.8977374078163,0,0.41219809208838,0.51621962834284,NaN,NaN,12959607.8617389,35,55
UA,41.0745230587436,0,0.264716071744377,0.662106630889969,NaN,NaN,25206441.9117064,16,49
UAL,42.8007053902852,0,0.450326979954705,0.499351010860657,NaN,NaN,NaN,43,78
UBS,44.132102523082,0,0.402632161511995,0.501704405138281,NaN,NaN,NaN,45,63
UBSI,34.9090785328965,0,0.328804103271807,0.548850771333208,NaN,NaN,NaN,33,60
UL,37.3079690006784,0,0.334319318641313,0.472674212498934,NaN,NaN,NaN,35,71
UMC,41.9953591116422,0,0.436427756077947,0.458726153603691,NaN,NaN,NaN,33,58
UN,43.3192515369861,0,0.405044407935764,0.485524510451177,NaN,-0.757168809120401,NaN,54,82
UNH,30.377999808181,0,0.321870549118936,0.592501117700469,NaN,-0.0284371454907133,52904860.9040514,14,48
UNP,44.2939392488747,0,0.530422606845015,0.546036543293596,NaN,NaN,NaN,40,51
UPL,39.1913184033123,0,0.327194115442563,0.315365928155282,NaN,NaN,NaN,43,61
URI,42.0956178439342,0,0.465451552450256,0.584785264878966,NaN,NaN,NaN,23,45
URBN,38.3901869878163,0.359709308643227,0.464479201717048,0.419652041867419,NaN,NaN,NaN,25,34
USB,39.0136615033356,0,0.373447027417517,0.619166210145413,NaN,0.0595098945690484,228784772.300766,21,60
USG,42.207899374895,0.160244966291253,0.398506501806146,0.569159587865318,NaN,NaN,NaN,18,33
USM,43.5145813129931,0.0488088481701512,0.381502886819666,0.653829304172979,NaN,NaN,NaN,19,45
UTEK,45.5861831140312,0,0.583839862152114,0.485747180648512,NaN,-0.681088025567123,NaN,9,15
UTIW,40.9593608926491,0,0.297469893771318,0.406388214531303,NaN,NaN,NaN,34,58
UTX,43.485665895728,0,0.466453735161352,0.466379106212441,NaN,NaN,NaN,32,63
V,43.9284847190647,0,0.368522707258121,0.597295837036541,NaN,NaN,NaN,24,58
VAL,47.7128671236846,0,0.460392979714982,0.548786426126198,NaN,NaN,8985297.51103519,56,92
VALE,48.757964825633,0,0.479552211073951,0.583117533111895,NaN,-0.451278870544166,NaN,13,17
VAR,43.4122984169289,0,0.403458970399576,0.562080665561284,NaN,NaN,24550969.637957,37,77
VE,31.566679934564,0,0.218904258010564,0.501215440996753,NaN,NaN,NaN,35,55
VECO,41.2330372069238,0,0.425000275187819,0.47814935740598,NaN,NaN,NaN,41,64
VFC,32.8663577092936,0.023428433639531,0.273961222929558,0.51159630951162,NaN,NaN,5825707.06419722,10,31
VIAB,41.8017466406268,0,0.382203606408933,0.538022823009492,NaN,NaN,54408323.7176761,38,54
VIP,18.866224391828,0.358547104664219,0.393374253887075,0.487949130657602,NaN,NaN,NaN,15,27
VLO,40.3081765397087,0,0.48448227851102,0.580222505722725,NaN,NaN,186129769.227702,42,82
VLY,43.4777502473501,0,0.434101566853891,0.487301761940114,NaN,-0.783817679785594,NaN,33,67
VMC,36.1199670844844,0,0.38802192437111,0.506274501662241,NaN,NaN,17440593.3767004,26,52
VMW,44.4800585595334,0.202230687328965,0.611928685586598,0.606620776122775,NaN,NaN,NaN,18,39
VNO,42.1039459328791,0,0.418846351854685,0.494369455428154,NaN,NaN,NaN,30,69
VOD,29.8605972511352,0,0.311869726870774,0.563044786281374,NaN,NaN,153013505.058661,20,50
VRSN,39.5872352155726,0,0.399558787110925,0.522256536618708,NaN,NaN,52466683.678105,28,63
VRTX,34.4402302532699,0,0.471881478422885,0.59524299625787,NaN,NaN,NaN,22,49
VRX,41.4882437201288,0.0855248628809806,0.49335859301489,0.601367071941443,NaN,NaN,41025388.1666926,26,54
VTR,33.6123972317838,0.254050517022993,0.530941757486376,0.663977913720713,NaN,NaN,27129482.5161758,10,16
VZ,23.464896361127,0.456412331529002,0.726616045830361,0.856931743600986,NaN,0.323571049894734,NaN,6,10
WABC,43.7739453596238,0,0.506949647172664,0.620666480867414,NaN,NaN,NaN,21,40
WAT,42.056316544095,0,0.392278672607571,0.522135883954182,NaN,-0.54784519124824,3950544.55777573,43,65
WBS,44.947622048647,0,0.423301755240812,0.590078577559376,NaN,0.228998536014616,9210546.6909254,33,70
WCC,42.7188314040135,0,0.371890642546274,0.402311806530446,NaN,NaN,NaN,29,52
WCN,38.0310640079435,0,0.335677566018525,0.487117930443978,NaN,NaN,6485764.8456098,27,66
WDC,38.0294634107882,0,0.394236177119842,0.595271053498352,NaN,NaN,46505419.4700166,29,57
WDR,38.7866251585103,0,0.434079291526984,0.54225211347898,NaN,NaN,NaN,24,47
WEC,48.7745720118685,0.101389695234633,0.541951354057725,0.52785960924834,NaN,NaN,44340901.3739932,24,68
WERN,47.289992700891,0,0.537050057266176,0.535803717486595,-0.246587763997534,-0.0654649705960104,NaN,42,58
WFC,30.5823919181165,0,0.358143257737993,0.585138595597518,-0.515066896314159,0.180094297305537,195794855.484041,23,53
WFM,58.0029989320058,0.534242568593038,0.708010830703864,0.535741743460998,NaN,NaN,NaN,14,25
WFT,31.7933185107767,0.0542434988251284,0.40172895464695,0.453137303374642,NaN,NaN,NaN,29,67
WGL,38.38735853392,0.16801836124659,0.39528606896571,0.609795043162447,NaN,NaN,NaN,20,54
WIN,32.0422620998121,0.0757672260836399,0.307939025944014,0.442522635660174,NaN,NaN,NaN,28,52
WIT,35.9483687236892,0.103959434333065,0.404898385129638,0.498278156665664,NaN,NaN,NaN,20,53
WLK,49.0191579983331,0.152579183250763,0.621320241072414,0.502887284854418,NaN,NaN,9400440.23932336,12,21
WLL,43.1185283295101,0,0.408917365631249,0.531215934912556,NaN,NaN,NaN,42,68
WLP,36.3222360954258,0,0.372926971666679,0.661523391903042,NaN,0.443382332991694,44341987.7012699,15,34
WM,44.3944816522828,0,0.444903460402412,0.526318698636694,NaN,NaN,24218949.751895,32,65
WMB,47.9082873284091,0,0.422945946111746,0.55862235993537,NaN,NaN,103846254.016852,45,84
WMT,39.0525599471934,0,0.424329646783669,0.502146785578514,NaN,NaN,NaN,35,72
WNR,49.4983260505815,0,0.419925983881003,0.548853306877211,NaN,NaN,27380312.0119356,48,91
WOOF,31.2989684712938,0,0.344765407718676,0.545516856213904,NaN,-0.421205856370636,28704137.4921237,25,39
WOR,39.715313722515,0,0.270395075070467,0.513780027818369,NaN,NaN,5046406.78900606,19,41
WPX,39.5265444951425,0,0.373148602082812,0.478693541688605,NaN,NaN,NaN,39,58
WPZ,45.2196164144502,0,0.308334705025918,0.39018080297636,NaN,NaN,NaN,32,77
WR,43.0146414388803,0.00176367939266631,0.452398829438557,0.526091949843677,NaN,NaN,8363440.33176661,38,60
WRB,39.6456269378542,0,0.421043188641898,0.594280427647019,NaN,NaN,NaN,25,53
WTW,38.4051623631509,0,0.179421350381041,0.151857082606946,NaN,NaN,NaN,12,27
WU,52.7732736847188,0,0.531982670174239,0.542100565551526,NaN,NaN,173661407.24701,28,57
WWAV,34.8186903561787,0,0.314161321068768,0.548905656466831,NaN,-0.0184328793815209,41638112.6394804,22,42
WY,41.4007763504901,0,0.361856814984775,0.481020566438216,NaN,NaN,NaN,26,68
WYN,43.0519575861382,0,0.483356274645932,0.588247951052777,NaN,NaN,NaN,31,75
WYNN,37.1591487577814,0,0.428469899469266,0.619661965682112,NaN,NaN,NaN,27,53
X,37.9662406566484,0.108312652138617,0.43128632537043,0.496984419356609,NaN,NaN,NaN,34,65
XEC,44.7115427249496,0,0.476127892300221,0.527583097132895,NaN,NaN,20379802.7884059,29,51
XEL,45.0179904227597,0,0.427927465014652,0.51346539280013,NaN,NaN,16152274.4536901,37,75
XL,45.9996106770271,0,0.480297431561362,0.549042192304114,NaN,NaN,NaN,36,67
XLNX,45.6158125855586,0,0.417141189528397,0.581429951518918,NaN,NaN,69652827.6922195,34,71
XOM,32.0739986867432,0,0.356832034886641,0.498196494356681,NaN,NaN,NaN,57,89
XRAY,38.465169741723,0,0.412571817890507,0.536914049085221,0.0025239813637481,0.297764940037957,10220778.8338754,39,88
XRX,38.9974025899342,0,0.447937977787246,0.605928989106003,NaN,NaN,145312421.485501,22,63
XYL,40.9779535805882,0,0.377396379008646,0.553008379598065,NaN,NaN,NaN,38,60
Y,46.3231473810288,0,0.470881815853966,0.542971204033479,-0.278444608894756,0.0786742793750916,NaN,42,72
YGE,55.9586051785039,0.0867087357887766,0.524832866853985,0.531642390125296,NaN,NaN,41657019.6874981,35,51
YHOO,46.2341248707665,0,0.437868357425719,0.529662885372284,NaN,NaN,151154659.794375,45,72
YUM,42.2570369424146,0,0.382818907486499,0.530453725195432,NaN,NaN,NaN,49,97
ZBRA,41.594199269584,0,0.405866563517475,0.524452999775094,NaN,NaN,7280159.74796452,38,55
ZION,42.7426029411855,0,0.426244588134669,0.50106473919032,NaN,NaN,NaN,26,68
ZMH,41.8876381695642,0,0.403648022779128,0.567766244512781,0.141579196987437,0.427592842998842,10424779.7813296,33,57
ZTS,38.3567223929334,0,0.445820859046031,0.55053238644122,NaN,NaN,NaN,25,56
