XLY,30.6559076614012,0,0.309743532546921,0.647093714814613,-0.521599795316991,0.0593566901678768,74243986.9561526,22,40
XLF,33.3034879593055,0,0.286260486812286,0.676949043792764,-0.415368055783639,0.0676975146952699,1145280787.31801,17,32
XLI,43.4733878296933,0,0.484767195784216,0.625018972911071,0.0672221200792464,0.312465977217024,154657312.078536,29,43
XLE,39.414067512903,0,0.462231843489586,0.534413100252637,NaN,NaN,NaN,29,52
XBI,39.8451293251064,0,0.420611480545549,0.581799590736241,NaN,NaN,NaN,20,43
XLV,31.5485314649132,0,0.346427301321026,0.698534908384274,-0.168657911998702,0.410887128773947,75281463.1837386,16,34
XLU,41.5857681653243,0.110044262691049,0.464668952461871,0.607358970668542,NaN,NaN,NaN,13,49
XLK,33.5848270209304,0,0.355651792580592,0.69284897078763,NaN,-0.0417456599010047,100911548.474763,14,32
QQQ,36.8948897686991,0,0.371146683050187,0.673609773043674,-0.343941546356493,0.0367151539865407,NaN,20,33
TNA,22.0522109403131,0,0.012845849802372,0.0330252518140219,NaN,NaN,93015099.9999999,3,11
PEJ,31.7439027005696,0.0674086632348196,0.509091683245919,0.637133944481217,NaN,-0.254839727094012,NaN,12,30
MDY,29.3300484030787,0,0.302364958105707,0.6286892294424,NaN,NaN,21812447.322714,19,41
VT,37.8463112596272,0,0.288628765845384,0.556367653048061,NaN,NaN,NaN,20,40
VTI,37.3193066842529,0,0.374670032865025,0.629612398076736,NaN,-0.174897719374629,70485751.1456476,14,24
VB,40.9886986701921,0,0.377890013162338,0.621979397366285,NaN,0.0854254079099832,6238292.7054044,24,45
IEFA,43.2526159958821,0,0.457175117340063,0.580417121706261,NaN,NaN,NaN,24,55
IEMG,27.205096139463,0.0512514538776836,0.37012815611925,0.571117023034578,NaN,NaN,NaN,17,41
MTUM,30.2576754992792,0,0.280041119184116,0.674015026094583,-0.728072718461094,-0.0438335510893575,287091.059625368,18,35
SPHB,26.4214146594992,0,0.303087643072217,0.618023396090142,NaN,-0.263619635908955,3646648.5815313,17,32
IJH,28.3832633407797,0,0.298830031469874,0.630497525436756,NaN,NaN,NaN,18,41
IJR,40.725654658121,0,0.335142545678881,0.576274600773192,NaN,-0.49774885968457,28656759.401147,24,42
XSD,38.5143465103257,0,0.345599290933938,0.638055076929824,NaN,0.190744659724218,NaN,24,41
IDV,48.5811417475883,0,0.487081890648716,0.499092990362484,NaN,NaN,NaN,37,68
DVY,38.9786007354599,0.0375745311823175,0.326679968005591,0.621619729734477,-0.309605717885175,0.00118173659693022,24759602.2216897,22,42
IYR,32.5526181873727,0.20829982168965,0.530050064336179,0.650201799182908,NaN,NaN,NaN,7,19
DVYE,22.399562552723,0,0.361941425262019,0.29038865799238,NaN,NaN,NaN,30,54
IFGL,43.5894330612476,0.253796045808828,0.473076539589616,0.568167890490482,NaN,NaN,NaN,9,19
AAXJ,50.1661057714186,0,0.488440110930126,0.579975308582005,NaN,NaN,NaN,25,51
BKF,39.3891618226182,0,0.550135844551256,0.339204358552651,NaN,-0.893730631787999,NaN,23,38
MCHI,37.7661783554409,0.0940845460591311,0.498528333346243,0.591671510579127,NaN,NaN,NaN,26,55
EFAV,43.4021372317746,0,0.353142918340215,0.515457153218144,NaN,-0.366068042117353,NaN,22,46
SCZ,43.7667304943001,0,0.391872654644383,0.548736920817722,NaN,NaN,NaN,26,52
PGX,5.5176972174416,0,0.309307341415955,0.3941296450036,NaN,NaN,NaN,4,20
EEMV,46.053136408109,0.220522444470285,0.470517402775188,0.380785933502148,NaN,NaN,NaN,12,24
PKW,29.0578424282439,0,0.316926378282562,0.646629394647366,NaN,-0.159595435737251,19407036.8680324,15,32
FM,37.7797716725594,0,0.38170866295604,0.63666599158081,NaN,NaN,NaN,18,38
RING,11.7821612958541,0,0.0443659761456379,0.124941866314074,NaN,NaN,NaN,12,27
PICK,18.8731237562197,0,0.36542574258406,0.387602362119557,-0.645527267941337,-0.478819835090025,NaN,12,15
EWJ,36.5892014406999,0.184137861753542,0.491920218000792,0.661126544022214,NaN,NaN,110972700.27175,3,12
USMV,43.0887023178813,0,0.403646890422113,0.664001688089245,-0.204649769726729,0.0395898836572339,57700435.5001723,19,32
IWC,41.410811369158,0,0.447024890524735,0.664226741494663,NaN,NaN,979444.446008898,21,40
OEF,26.042817913171,0,0.370111957280434,0.671094195911168,-0.468728951857365,-0.0817260093256283,4022909.01164597,16,26
IVW,36.147940540102,0,0.34040517776976,0.65110954208946,NaN,-0.102483104458873,6953783.14577953,15,26
IVE,38.3927509501529,0,0.351042678725365,0.650989398671463,-0.397038626311793,-0.0322696042233031,14993026.7222837,19,32
IEV,40.6887676374673,0,0.453110068093562,0.613159159751978,NaN,NaN,NaN,19,47
PDP,36.8697824542119,0,0.34877448477459,0.671036665057396,NaN,0.140068627049394,NaN,18,38
ILF,7.08020917846642,0,0.0120879120879123,0.320817719135412,NaN,NaN,NaN,11,17
IJK,40.4704125338031,0,0.354640187043752,0.623807741620551,NaN,0.153638877185516,NaN,24,44
BFOR,31.7993518126465,0,0.316372418422276,0.599330436551293,NaN,NaN,1792714.40741534,15,35
IJT,35.6828691229468,0.0644226037904074,0.353671957705877,0.561823703238231,NaN,NaN,2858188.82910349,20,44
FDN,43.0250760694329,0,0.508103162194424,0.595146679501803,NaN,NaN,NaN,17,35
PFF,55.6056236551281,0.264090010166114,0.544428188257086,0.597752766338852,-0.223682075715427,-0.047824758975417,NaN,7,19
BBT,41.6326981963549,0,0.428267691843393,0.591929581117405,-0.578338645392107,0.133783025953135,92310171.5542557,24,58
BRO,49.9537746748438,0.128722965491956,0.604331610320152,0.601855921911127,0.0379063668485673,0.784049939397573,13961430.9605801,12,29
EGN,49.167461681402,0.073851464492013,0.517875701100523,0.510139546476438,NaN,NaN,16486982.1870473,25,46
HRS,39.7891827940094,0,0.399506632186718,0.621477810594224,NaN,NaN,15540155.7783363,26,42
MDU,41.8808779235757,0,0.279189713408241,0.493333615780705,NaN,NaN,5464359.43339375,28,52
PNY,40.2455353041725,0.045255549714047,0.4140846323844,0.557485605974378,NaN,-0.35040286881721,10034971.99854,21,50
SJI,26.0419710240923,0,0.204232161822739,0.30585698902162,-0.901734134779721,-0.580704484759803,NaN,13,22
UPS,28.5894037307587,0,0.344752268611573,0.585005352019249,NaN,NaN,NaN,6,29
AA,44.5855918358947,0,0.494339951642543,0.533946940946262,NaN,0.290866700813864,NaN,20,56
AAP,40.6100341520737,0,0.465256831598921,0.620832038771487,0.160138127184416,0.604475522053699,25020384.6915156,25,43
AAPL,42.4330726444068,0,0.484809870854724,0.64850378228518,NaN,NaN,NaN,20,62
AB,36.6033293736505,0.173740016889953,0.316061436311843,0.515833910594305,NaN,NaN,NaN,14,37
ABB,48.3449560830682,0,0.534304087577568,0.56539778421457,NaN,-0.225958593897077,NaN,41,58
ABBV,44.6959043342317,0,0.441340897623611,0.609799707833715,0.331972659384776,0.765847581709157,238672063.709596,31,53
ABC,40.3050279384391,0.0735696318902253,0.477558688680113,0.629291848904215,NaN,NaN,59702251.8147329,19,40
ABG,46.8339696674953,0,0.317222629412774,0.556752661466958,NaN,-0.319392974861929,540163.818690917,30,43
ABMD,40.1962275117679,0,0.421281045289185,0.592763576612239,NaN,NaN,12169625.7501661,29,54
ABT,30.2962942715925,0,0.33588403733715,0.575804192981363,NaN,NaN,51109842.2497232,23,49
ABX,47.5321840556732,0,0.36273402483882,0.244692209633833,NaN,NaN,NaN,30,38
ACE,33.9081258882774,0,0.331130188925488,0.617114426786221,-0.152225747510995,0.26973618211527,NaN,25,52
ACH,48.0253699190601,0.154006399129038,0.474427917771853,0.535322931295016,3.18990935379113,3.70965985609765,NaN,34,81
ACI,43.4734990787884,0,0.205694872994383,0.344051732587929,NaN,NaN,NaN,31,38
ACIW,45.4609092222852,0.0167899904338142,0.579031015396784,0.601759291654449,NaN,NaN,2829667.47333991,20,35
ACN,44.0039562078802,0.0971759969188632,0.544000009298513,0.550401946639529,-0.0151446898837718,0.348740334782658,NaN,27,49
ACT,35.6721664511571,0.0297547785704133,0.444566036840945,0.699874879781327,NaN,1.73736768703497,62467517.8307715,12,35
ADBE,41.8884687290784,0,0.393340054253723,0.550275519002394,NaN,0.0135971242904651,NaN,31,54
ADI,39.6852105710619,0,0.426879747140828,0.563212405351452,NaN,NaN,17725748.391052,36,53
ADM,32.1165473505213,0,0.327221058356466,0.666991965357588,NaN,-0.0267172151374759,124698023.97166,17,45
ADP,37.8660912974569,0,0.322876184201072,0.629812402622549,NaN,0.792276117112647,45754386.1805189,16,46
ADS,41.458810280802,0,0.284390921231055,0.605092044497181,NaN,NaN,7149468.724437,17,35
ADT,15.0793942325355,0,0.14672131147541,0.440610742789887,NaN,NaN,NaN,10,15
AEE,44.2413948936553,0,0.367189140220098,0.606305726098459,NaN,NaN,49901642.3104372,26,56
AEG,46.7999172068002,0.108918233930388,0.402504623591261,0.538412800884286,NaN,NaN,NaN,24,48
AEM,45.4806376688533,0,0.392591460890637,0.359533537790225,NaN,NaN,NaN,30,38
AEO,40.5284884888928,0,0.050929807506763,0.112846083377541,NaN,-0.927825423808403,NaN,10,15
AEP,45.183638488972,0.081034390544134,0.456162793224043,0.594085598504542,NaN,NaN,79512648.0101214,17,48
AES,46.5288024033671,0.0789243099664707,0.434769379045156,0.580442840575667,-0.378115533346673,0.0153067025187814,51040974.0613399,32,50
AET,29.5230520737132,0,0.314847866654705,0.622017288807966,NaN,0.0658572665716488,NaN,21,39
AFL,40.9417231460375,0.111107471246482,0.42804273707042,0.603935671439074,NaN,NaN,NaN,15,43
AGCO,47.8573889096085,0.0980155747687421,0.388612116686577,0.398136985708775,NaN,NaN,NaN,22,52
AGN,40.0254649622118,0,0.477168800983457,0.57293883167586,NaN,NaN,NaN,22,38
AHS,34.6191202499273,0,0.429010718816993,0.563530836511667,NaN,NaN,NaN,22,42
AIG,34.4047382368252,0,0.371734799676242,0.643714658799099,NaN,NaN,142174925.639018,24,46
AIZ,41.4469218544738,0,0.38189048958384,0.580960729748528,NaN,-0.0550117124622744,21283329.8837534,20,40
AKAM,38.9053778983416,0,0.277042882158296,0.577761949098105,NaN,NaN,8931151.54762958,33,75
AKS,46.8385274109739,0.130377428118538,0.546807438739515,0.54677440505624,NaN,NaN,NaN,23,61
ARRS,42.6666529111902,0,0.43213180190408,0.558744303079989,NaN,NaN,NaN,27,55
ALGN,28.9415064579073,0,0.419937683422075,0.60844870102653,NaN,NaN,24256400.3113263,19,41
ALK,37.3227647164902,0,0.334163584972915,0.568801210403779,NaN,NaN,NaN,22,51
ALL,35.727644590326,0,0.272601460020802,0.578136700475243,-0.396873613307486,-0.0402738019456278,NaN,25,40
ALNY,42.5577992746683,0.12692587607569,0.407680675839425,0.593970513689028,NaN,NaN,9173803.40766468,23,54
ALR,43.1484078882579,0,0.422656065985855,0.581245608147245,0.621880707694717,1.17282070759422,18853411.1707305,30,67
ALSN,43.016794495306,0,0.338926056053883,0.547344728918563,NaN,NaN,NaN,26,41
ALTR,29.1869952703258,0,0.221164724342798,0.393738853731116,NaN,NaN,NaN,12,27
ALV,38.0951238990143,0,0.286621379368845,0.535800229458815,NaN,NaN,10448646.2319992,19,38
ALXN,36.2999755365231,0,0.220040700405944,0.560906464101391,NaN,NaN,NaN,19,46
AMAT,42.6603564659235,0,0.395990820873066,0.611793920894095,NaN,0.673657078704681,164190839.399564,28,51
AMBC,42.2569746673841,0.230077050285538,0.309318483354756,0.332317914090445,NaN,NaN,3200687.41912566,20,33
AMCX,42.3667244352067,0,0.3227049094204,0.529719274844831,NaN,NaN,NaN,26,55
AMD,39.9954367691814,0.200270000973401,0.596549183468538,0.511582940463434,NaN,NaN,NaN,17,55
AME,40.6792373760351,0,0.245872656192969,0.585289130552278,NaN,NaN,10340318.4405897,23,56
AMG,41.4849045533702,0,0.422240251171917,0.630731108403686,-0.165531893250701,0.646038591543774,6827343.90334035,13,32
AMP,38.9289344051908,0,0.348187719904116,0.701450306982635,NaN,NaN,29664183.5271116,15,31
AMT,42.9887204273763,0,0.3278938289771,0.529246596426206,NaN,NaN,NaN,19,57
AMTD,39.9770052882232,0,0.510684813425286,0.639177157705832,0.285542263225505,0.742138181805057,NaN,27,43
AMZN,46.3912518576589,0.0983698352233786,0.499336769458236,0.573743374883076,NaN,0.150714957600091,17905983.4926859,27,43
AN,42.3722663368374,0.0401940019058555,0.438064670950837,0.497917240329755,NaN,NaN,NaN,27,58
ANSS,28.1561081649276,0,0.231971079602644,0.24969219629229,-0.841219983049426,-0.581648997435762,NaN,16,23
AON,40.5951188479061,0,0.443086719112603,0.580721992777554,-0.449785724059955,0.0976861247957785,41748695.8381699,18,30
APA,38.0906785545484,0,0.293869251988633,0.421583813359021,NaN,NaN,NaN,34,65
APD,44.2312174059451,0,0.497571380503629,0.625711248621263,NaN,0.275099039171431,39097221.8251308,17,29
APH,40.473070961056,0,0.233884343104839,0.621974476170156,NaN,NaN,12566982.1577475,13,44
APOL,42.4703060096526,0.177957820243119,0.366533510735801,0.50361781193986,NaN,NaN,NaN,22,54
APU,31.645608686974,0,0.456296021092989,0.578935756294581,-0.416537247716453,0.311216088478009,NaN,11,34
ARG,35.2667757043767,0,0.313100471909377,0.621919309526789,NaN,0.0490384649677924,NaN,16,43
ARMH,32.953463245255,0,0.241901078675824,0.535472076107276,NaN,NaN,NaN,30,59
ARW,30.9893317357801,0,0.280212726623495,0.559137804593423,NaN,NaN,15215003.6614896,18,42
ASR,25.8473010129156,0.232384408801904,0.421774910261642,0.463407320376148,NaN,NaN,751160.198679084,7,23
ATI,43.6778925619039,0,0.475837053233029,0.576425063576731,NaN,NaN,NaN,32,60
ATK,46.2857428340654,0.0822747984315961,0.44541757401185,0.595763157463838,NaN,NaN,14764953.2353068,15,37
ATO,31.3693638483077,0,0.326876068061578,0.578452805837566,NaN,0.123483729402062,NaN,25,58
ATR,40.5731766212526,0.0168126111756575,0.398014252081008,0.588567550003656,NaN,NaN,2024439.98224152,19,40
ATU,28.8468922103746,0.0198418524405588,0.310634459761587,0.557383576893553,NaN,NaN,NaN,19,37
ATVI,25.0391265321331,0,0.269871185862045,0.560823402181812,NaN,NaN,213404315.385428,18,56
AU,52.6715767623419,0,0.401554412561994,0.226542720277033,NaN,NaN,NaN,30,38
AUY,30.3464714576296,0,0.0930909025736613,0.125438992187419,NaN,NaN,NaN,13,22
AV,49.1535177811433,0,0.493510823167435,0.604738472660607,NaN,NaN,NaN,27,58
AVB,41.1778561933113,0.0644063795042342,0.403966724548907,0.699249507726087,NaN,NaN,NaN,18,46
AVP,32.2553615371135,0.231107225224514,0.348350356342548,0.400929179410876,NaN,NaN,NaN,8,16
AVT,35.1634995484005,0,0.31109894072448,0.573256074868555,NaN,NaN,NaN,19,61
AVY,43.3005172282327,0.122686292832703,0.400816637432234,0.446592370746771,NaN,NaN,28745982.335819,32,46
AYI,32.0312694656628,0.294728495454756,0.501045049331994,0.607204872630911,NaN,NaN,5175191.70400454,9,31
AWK,40.0634698846007,0.0666341909618284,0.26207272468459,0.530602978808045,NaN,NaN,14076641.123211,20,40
AXE,46.6903808610012,0,0.443936273487181,0.507122931737257,NaN,NaN,4236847.89865623,22,44
AXP,37.3900725100675,0,0.383569535981235,0.57876022300562,NaN,NaN,59487943.4973216,22,52
AZN,39.0411791610223,0,0.349391757689486,0.616766285434029,NaN,0.67882766470145,NaN,26,53
AZO,42.0900456214206,0,0.397703979769124,0.641499972622369,-0.195025733342531,0.0764857590769672,5788581.09622601,23,41
BA,32.5759693422409,0,0.455888268720591,0.660751005735994,NaN,NaN,106949679.461507,16,40
BAC,30.2360910338978,0,0.28195108989349,0.528900326333189,NaN,NaN,NaN,17,35
BAX,36.7161801512456,0,0.331881616621299,0.542538773431751,NaN,-0.555881054400597,NaN,35,67
BBBY,44.3954515432568,0.0105001269614518,0.403358740387693,0.580649900358752,NaN,NaN,NaN,20,44
BBL,29.7933897489397,0,0.255204687568387,0.249136131968669,NaN,NaN,NaN,14,24
BBRY,9.79146206722127,0,0.256628787878788,0.300532922532329,NaN,NaN,NaN,6,13
BBVA,42.5426880835248,0.0786252214392702,0.385275898628924,0.516399921866689,NaN,NaN,NaN,27,58
BBY,44.3732135097311,0.0679800551520877,0.386657423581783,0.597879109852604,NaN,NaN,341486641.665752,10,21
BCE,30.6188128793496,0,0.224582661998309,0.538748018681452,NaN,NaN,NaN,8,34
BCR,41.1975240573282,0,0.437601287961698,0.629373814131965,0.123447879865657,0.591804343831262,15796768.4532364,25,54
BCS,28.9241050681595,0,0.143975575246294,0.490134084732867,NaN,-0.802069765058772,NaN,13,25
BDX,48.5545449914189,0.075727070302726,0.351955680979883,0.520172573781007,-0.14570648731053,0.138783939086391,45171446.5841693,20,40
BEN,39.4109939831989,0,0.458960405576162,0.507224056639844,NaN,NaN,NaN,7,21
BG,41.4223831596921,0.0898797693083062,0.503763447355689,0.614094924991903,NaN,0.860277394919112,NaN,26,53
BGCP,40.8703974603334,0,0.401435114748867,0.553769821528661,NaN,NaN,20280838.3610189,26,44
BHI,30.9003392271061,0,0.271049538021771,0.445156915767328,NaN,NaN,NaN,31,50
BHLB,31.1038381412752,0,0.256436931993931,0.471805955987655,NaN,NaN,NaN,13,34
BHP,47.0477312122258,0,0.341082174298602,0.195340282879338,NaN,NaN,NaN,21,35
BIIB,35.6277912309853,0,0.378304903143917,0.634165131044542,NaN,NaN,41039699.7616836,14,46
BK,40.20637574796,0,0.409926415483685,0.596673050404392,-0.511106586594401,0.0180732645544748,52484455.3857113,24,42
BLK,39.1113119985327,0,0.328379154966227,0.59600612291202,-0.322254613491313,1.27641250735043,20228203.93849,14,55
BLL,36.7813419220249,0,0.337964389674402,0.55140920055561,NaN,-0.471410080522597,NaN,19,29
BMR,3.15622131344333,0.154059262104506,0.312294282601913,0.548900004169579,NaN,NaN,NaN,4,18
BMRN,43.9848777759928,0.0921391861626579,0.380446239692733,0.588250460036927,NaN,NaN,17937680.3946279,19,48
BMS,50.3634068426234,0.14336603684536,0.510647170862979,0.612670246216342,NaN,NaN,11579214.3070026,19,36
BMY,40.3334507717632,0,0.339542523829985,0.554059936953991,NaN,NaN,172429297.971974,25,44
BOH,36.3048280293806,0,0.339133319201266,0.569514759068692,NaN,-0.0844138814129753,6955268.29775778,19,53
BOBE,41.5832566947233,0.0672458753945966,0.51204351036512,0.651500914818725,-0.278777051584812,0.700655733211949,2138833.82231653,22,40
BP,43.1041900032341,0,0.42770711989744,0.552151492366941,NaN,NaN,NaN,28,60
BPL,25.3696931144432,0.0415186913633179,0.383821323260991,0.523610612552243,NaN,NaN,3350661.9107974,13,51
BRCM,40.3488448410949,0,0.25190275824803,0.51955399112851,NaN,NaN,NaN,26,50
BSAC,17.9463001223043,0,0.3375,0.443888085352849,-0.509449320315158,-0.315414941023274,NaN,7,10
BSX,37.9346142793934,0,0.485613522428904,0.589514367764708,NaN,NaN,186122420.605278,24,43
BTE,29.4724606712939,0,0.00534997789186042,0.0890361894873419,NaN,NaN,NaN,8,13
BTI,40.0006385167704,0,0.25804104493866,0.471254921865707,NaN,NaN,NaN,14,33
BTU,36.5938255452419,0,0.0673146934614832,0.175970551794668,NaN,NaN,NaN,12,27
BUD,35.3288161161402,0,0.401671572326427,0.536376912904208,NaN,-0.329100359321807,NaN,29,56
BVN,30.6437429283344,0,0.140166068541239,0.221248161698578,NaN,NaN,NaN,12,27
BWA,41.4007949104748,0,0.433092225543303,0.515613228157407,NaN,NaN,NaN,28,42
BWP,34.7297365217282,0.0951996370980006,0.562890486419644,0.651299558478362,NaN,NaN,NaN,10,26
BX,41.098348693343,0,0.365088687340374,0.529524370284786,NaN,NaN,101550985.741409,30,56
BXP,30.8655946915395,0,0.398246347830593,0.672643749638783,NaN,NaN,NaN,20,48
C,37.9223616119343,0,0.404294186321887,0.616153425370752,NaN,0.494249239534738,35805589.8304478,22,53
CA,45.3104363965732,0,0.422199648985544,0.535994585337558,NaN,-0.34012835248761,NaN,25,43
CALX,43.7981234379679,0,0.412271739609636,0.490350434047743,NaN,0.0575254555432143,NaN,14,24
CAG,34.6622523903114,0,0.324376181963022,0.602022777574936,NaN,NaN,NaN,22,40
CAH,37.7816186151661,0.00452734814283229,0.413873944996919,0.636635397169145,NaN,-0.239932858522149,NaN,15,32
CAJ,20.0530736571705,0,0.0302627045650306,0.135688746207087,NaN,NaN,NaN,12,27
CAKE,32.709924597852,0.040567433666564,0.484269587577807,0.642569061380996,NaN,NaN,5335445.71538988,16,40
CAM,39.0454392738109,0.082983639043049,0.656575737965592,0.57631902327664,NaN,NaN,NaN,20,42
CAS,7.105427357601e-14,0,4.44089209850063e-16,0.41553747457362,NaN,NaN,NaN,5,11
CASY,43.2212562254477,0,0.40407705980982,0.666300374442806,-0.0624800979614505,0.78301976525698,NaN,15,36
CAT,35.6684032403582,0.128927742641286,0.394252420015737,0.457622125032718,NaN,NaN,NaN,13,32
CB,39.2034153440723,0,0.413779679636717,0.607313392539847,NaN,NaN,21869637.5019937,13,41
CBG,40.4844121851251,0,0.343162240051618,0.557249861089675,NaN,-0.359412272742097,NaN,27,40
CBOE,49.3000586746034,0.100284940081641,0.468032534910499,0.527671999628619,NaN,NaN,23567519.803937,24,40
CBS,36.3662669511827,0,0.430695112254443,0.565505904942444,NaN,NaN,NaN,26,42
CBSH,40.8230122116788,0.0081636265224847,0.394199802046147,0.585452271562726,NaN,NaN,17683520.846388,22,44
CBST,41.449686451437,0,0.419099008479063,0.51960174680038,0.165009126683646,0.516772501525517,18877383.4797249,32,49
CCI,23.4250054069439,0,0.303006417409594,0.58886695528244,NaN,NaN,NaN,13,43
CCJ,34.2582991328205,0,0.364910820560206,0.493595397045027,NaN,NaN,NaN,31,55
CCK,28.1742177328329,0,0.373158796895382,0.618944947848753,NaN,NaN,NaN,28,49
CCL,45.6850027387436,0.157999646819089,0.631614877577638,0.700691064694345,NaN,NaN,NaN,18,32
CCO,28.4850101916912,0.0774643046180943,0.522522759690323,0.575882005577288,NaN,NaN,NaN,13,50
CCU,46.0581069241491,0.100642416298208,0.390555472381722,0.460992154704971,NaN,NaN,NaN,15,25
CEB,41.4947484559397,0,0.47856851840722,0.613961304648962,NaN,NaN,NaN,28,46
CELG,43.4491804083333,0,0.371578404580348,0.602703669470278,NaN,NaN,72353971.9886873,18,54
CEO,8.08636732135443,0,0.0135447637925346,0.173018052858416,NaN,NaN,NaN,12,27
CERN,43.7132197268102,0.0893987170739019,0.409956565399116,0.557390606196631,NaN,NaN,20581916.6791465,9,22
CF,49.7025118888196,0.0583309108245778,0.548917635704065,0.570321848345713,NaN,NaN,NaN,20,60
CFN,37.1431125911876,0,0.377441323096169,0.612517074429917,NaN,0.0975578371210448,49715346.6213124,23,42
CFR,40.1376353714753,0,0.283714363415822,0.546241408750714,NaN,NaN,10147118.6908325,21,53
CFX,37.7027463611314,0.063378961798215,0.435072963759886,0.632073599099962,NaN,NaN,NaN,14,37
CG,21.5515386187108,0,0.233565736716463,0.268434386590291,NaN,NaN,NaN,13,21
CHD,29.0362710990962,0,0.175539865177217,0.542888348472418,NaN,NaN,NaN,22,52
CHH,45.0553410378208,0,0.377757157859572,0.537901830264771,NaN,NaN,NaN,30,55
CHK,43.6703890453682,0,0.567910981570039,0.51369469837972,NaN,NaN,NaN,27,60
CHKP,41.6700920114401,0,0.463562801170861,0.64151273655722,1.04508120628511,1.60496760602545,NaN,18,49
CHL,48.636014913257,0.218735908288037,0.502704339036664,0.457963596314489,NaN,NaN,NaN,34,62
CHRW,36.8031836496422,0.0593204679288228,0.451348687117664,0.522991121178982,NaN,NaN,NaN,17,33
CHU,39.9747473198129,0.157695895677407,0.588163470611371,0.611284471603062,NaN,NaN,NaN,17,29
CI,41.0471000544877,0,0.431398407400219,0.547404265067768,-0.439421746205901,-0.0442459507100902,10220909.6026348,25,44
CINF,30.7856224476914,0,0.315546910331964,0.50470186062067,NaN,NaN,12754361.0180152,9,35
CL,15.3941238481223,0.202436973358011,0.598709899123748,0.584758082049969,NaN,NaN,23466232.2598161,4,26
CLB,39.6742528972006,0,0.49286924390275,0.566889063341825,NaN,NaN,NaN,38,51
CLD,40.9377832570264,0.298733848275356,0.393053414603677,0.434404966827487,NaN,NaN,NaN,22,39
CLF,26.8301802174268,0,0.0255692528473666,0.265779866494108,NaN,NaN,NaN,12,27
CLGX,39.5799093690616,0,0.308902994653622,0.500880444374598,NaN,NaN,NaN,28,48
CLH,44.2689537850296,0.0552501469158886,0.440431719486812,0.478763886214286,NaN,NaN,NaN,33,67
CLX,44.9028247623139,0.129486543016665,0.458760614383668,0.568560158392377,NaN,NaN,29898471.2542025,16,36
CM,37.0539153906425,0,0.349821154151058,0.562154726766808,NaN,NaN,NaN,28,53
CMA,46.2163501796104,0,0.407538353136545,0.589718648884729,NaN,NaN,70621981.2556867,29,53
CMC,34.2970936080909,0.100958064151234,0.388062862871101,0.647552325494252,NaN,NaN,7357028.79464083,15,36
CMCSA,33.0861381904825,0,0.291825282311554,0.542097875564477,NaN,NaN,181530335.994904,19,49
CMCSK,35.6463807781151,0,0.287950522543164,0.555077052168485,NaN,-0.550996993142995,17805182.9170319,18,43
CME,45.722486337561,0,0.442724916477423,0.593480832269682,NaN,NaN,42716627.3141022,27,48
CMG,36.8763539947993,0,0.373804170453323,0.574735215625739,NaN,-0.319557465131224,NaN,23,46
CMI,32.6865807611946,0,0.371870201791488,0.519651187261615,NaN,NaN,NaN,23,54
CMS,37.7551642241046,0.0803218850031204,0.406081832026889,0.644056786075042,NaN,NaN,55213230.0447352,13,42
CNA,37.9156650673332,0,0.288547352604675,0.609400692158515,NaN,-0.187047613756728,2723586.89439993,17,36
CNI,29.9883401731553,0,0.146154805953972,0.470544420707123,NaN,NaN,NaN,16,38
CNP,33.2486050415428,0,0.23725304652495,0.562597082321521,NaN,-0.748564003626794,NaN,21,46
CNQ,42.5166733430884,0,0.396802855822864,0.479077115358924,NaN,NaN,NaN,28,55
CNS,43.3764695411307,0.12092488769847,0.396664220393291,0.517222736258887,NaN,NaN,1437107.04161995,13,31
CNW,39.0062950728593,0,0.464264808957036,0.622036214066844,NaN,NaN,NaN,26,51
CNX,33.8506036929073,0,0.285168641038542,0.560121520256477,NaN,NaN,NaN,32,59
COF,39.5960273723153,0,0.506492778262696,0.652769714492984,NaN,1.05857681986925,11557545.3510793,28,75
COG,38.6908874899695,0,0.336916390894827,0.559984756731731,NaN,NaN,NaN,15,30
COH,33.0880572493744,0,0.215197568389059,0.594365683912355,-0.652389773048767,-0.296963951783465,NaN,7,10
COL,39.4499782811937,0,0.44750773741591,0.614642001930289,NaN,-0.400513695165444,9421513.24968367,26,51
COO,42.4525479278964,0,0.427115290671865,0.562057755765702,-0.0602864224588144,0.560801321739617,NaN,23,50
COP,43.5879923870374,0,0.463440180723565,0.505566178139225,NaN,NaN,90286207.1432072,34,54
COST,35.8525173607798,0,0.212493232692121,0.580760225820827,NaN,NaN,3477862.40729989,15,40
COV,39.1112601530159,0,0.397165446212083,0.578704748905541,NaN,NaN,113347104.073181,16,52
CP,33.5225896356135,0,0.336366295047795,0.58832135419288,NaN,0.366137439135071,8797440.54371019,27,56
CPB,38.7436465033018,0.30947664743773,0.632835693446625,0.809212100166306,NaN,1.23079898281104,31883513.0045161,8,21
CPL,59.0486668738385,0.245763435214679,0.587027332586177,0.532630861130868,NaN,NaN,NaN,19,33
CPN,43.3007781586263,0,0.451586687114905,0.476825932304349,NaN,-0.0839457059457438,NaN,34,56
CR,43.4835967628735,0,0.391802441697122,0.558034289341292,NaN,NaN,11976740.7156727,29,57
CREE,44.1967657773245,0.0945306968903548,0.465314722918209,0.44960408056969,NaN,NaN,NaN,13,23
CRH,40.2102443396806,0,0.424665851932046,0.477885479623936,NaN,NaN,NaN,27,49
CRI,40.2127159752676,0,0.378026223145931,0.560972391445429,NaN,-0.0715673340384412,14610970.1463072,36,72
CRL,44.3841554584275,0,0.42240759398031,0.646150996887847,NaN,0.410290895101136,NaN,25,52
CRM,40.7354455253982,0.258801617008811,0.297629550290886,0.318437271765418,NaN,NaN,NaN,7,17
CRS,48.4636006341317,0,0.567468837626363,0.557687861828228,NaN,NaN,NaN,26,53
CS,37.7869276200541,0.071164943248228,0.408019738827721,0.519590534031939,NaN,NaN,NaN,29,54
CST,49.9427590666698,0.0544523684101983,0.584046633251148,0.594805612060416,-0.494512225220045,-0.0917896900075935,40381779.93972,20,35
CSC,49.5008843064674,0,0.519718677118262,0.558021234514657,NaN,NaN,35051200.14084,38,74
CSCO,38.4328435011759,0.0565220822469401,0.386036060950904,0.569594535878924,NaN,NaN,NaN,15,32
CSGP,42.0382370189019,0,0.520066971194345,0.656663666685557,0.2482134278485,1.12894444292894,2808589.64046527,19,35
CSX,36.8643177109414,0,0.374557400538465,0.675966587361685,NaN,0.393542268452203,68360949.2891877,17,42
CTAS,20.6122970851051,0.184194464316825,0.349298039815919,0.618803101436528,NaN,NaN,24374853.6213475,8,28
CTL,16.3016844156035,0,0.165176313264086,0.484582113258987,NaN,NaN,NaN,13,26
CTRP,35.8167840567392,0,0.330132565179089,0.528119860137929,NaN,NaN,NaN,17,47
CTSH,31.7430888396206,0.117213712031591,0.374889025848743,0.603682258578875,NaN,NaN,NaN,12,35
CTXS,35.1177435694578,0,0.161473412924324,0.459364373710238,NaN,NaN,NaN,15,28
CUK,50.5065642575644,0.30776777297516,0.605027194343707,0.629257813613502,NaN,NaN,NaN,16,30
CVA,35.6018371222476,0,0.278050675967358,0.520687490439263,NaN,NaN,NaN,22,36
CVC,51.2341459141369,0,0.494681822706831,0.48595605379144,NaN,NaN,17498662.9315137,28,56
CVD,38.6974760665104,0.0722586366934732,0.332664606752911,0.545939614319366,NaN,NaN,6772741.72624107,13,31
CVE,25.7816691636466,0,0.103183115324685,0.506801089060626,NaN,NaN,NaN,15,22
CVS,42.2842984407252,0,0.329855468780323,0.590289825630695,-0.145191210039076,0.0986424230274376,79686442.5859171,20,31
CVX,44.3489397286752,0,0.468403424765616,0.54665119387932,NaN,NaN,NaN,36,56
CX,38.9465508656958,0,0.374730576516461,0.591934025573266,NaN,NaN,87388511.3781683,32,67
CXO,47.5066805599124,0.0935031793773269,0.565532136616014,0.495627393297936,NaN,NaN,815852.081556633,23,50
CYN,36.6692757209432,0,0.459947695558323,0.608627943736528,NaN,0.619841389460039,9593394.21467439,13,46
CYOU,48.9105480490943,0.222252830577203,0.411769750169942,0.491218123990537,NaN,NaN,NaN,15,26
CZR,35.8062541132917,0,0.237600372855206,0.412249990943548,NaN,NaN,NaN,22,51
DAL,28.3614313444845,0,0.426052326250244,0.598281945512333,NaN,NaN,NaN,15,31
DAN,39.49519628232,0,0.377366756216241,0.512939070164299,NaN,NaN,NaN,33,61
DB,43.6468585270913,0,0.304433206986712,0.323650511911093,NaN,NaN,NaN,12,27
DCM,40.0270952569992,0,0.26909483153785,0.470126960983298,NaN,NaN,NaN,31,67
DD,39.7246110657136,0,0.407401822653365,0.563085804908911,-0.326654457254522,-0.0234547824585337,137437105.596632,18,35
DDD,56.1381775773351,0.436384645338361,0.781116054340206,0.684118090362072,NaN,NaN,NaN,10,25
DE,36.4578832962319,0,0.348980186480184,0.282380835734535,-0.926967774148091,-0.792651683663386,NaN,12,27
DEO,44.3265439204549,0,0.465109919549411,0.538249723983558,-0.114570777403874,0.189107460185988,NaN,33,58
DF,40.3525832694469,0.216791634566686,0.611547085903919,0.679257772211858,NaN,NaN,NaN,10,27
DFS,34.1335168266875,0,0.380342188939491,0.624330223371828,NaN,-0.173158798300311,65044695.5009906,17,29
DG,40.0235573397042,0,0.473454882432258,0.631168755316776,0.0888311181126977,0.535373640365182,NaN,21,41
DGX,43.4477082511816,0,0.437151770368064,0.476231449817355,NaN,NaN,NaN,29,65
DHI,38.6632464534355,0.214523918657813,0.264361147202119,0.475292830208355,NaN,NaN,NaN,12,27
DHR,47.4360863863648,0,0.481936242838941,0.655149859822656,NaN,0.317165057359445,41299623.0950684,21,44
DIS,42.8471480222743,0,0.366434443018104,0.599061124000984,-0.168103916182814,0.211278771141993,272854553.49048,24,37
DISCA,37.0617300778022,0,0.460560762283776,0.525792261917012,NaN,NaN,NaN,36,52
DISCK,38.5466200418708,0,0.382887551451815,0.489308702893778,NaN,NaN,NaN,39,59
DISH,35.7198999197803,0,0.441093447872132,0.639852351766233,NaN,0.0378783512249052,90045038.8211933,17,34
DKS,40.0570330991703,0,0.342318630951541,0.488732345883617,NaN,NaN,2953145.32410246,24,58
DNB,25.9450494018544,0,0.142092329616734,0.563785139652508,NaN,NaN,10186380.7706151,12,54
DNDN,19.3099048554761,0,0.185743854446861,0.261733557823563,NaN,NaN,NaN,14,21
DNKN,40.4155580388798,0,0.501780043115985,0.609858072333833,0.309054602150465,0.55056158291895,NaN,28,41
DNR,29.635638072705,0,0.10733241498255,0.198990243224821,NaN,NaN,NaN,10,15
DOV,32.7989496125888,0,0.448130145968177,0.633499425664256,NaN,NaN,NaN,17,40
DOW,36.8850412989012,0,0.444598367592143,0.606429003708826,NaN,NaN,NaN,27,55
DOX,45.3545600357815,0.0254904333468999,0.492747454641993,0.555496968079343,NaN,-0.0757707924414511,29521532.5267801,15,38
DPS,39.6859882446256,0,0.514252750896942,0.650887250214473,-0.322473319234467,0.372024457925345,48446850.1167395,18,35
DRI,39.3453283817191,0.00611262123135492,0.446409743334301,0.620355290354774,NaN,NaN,47076024.4314738,19,30
DTE,45.3439488936022,0.133843506459526,0.59818050378903,0.553611954833956,NaN,NaN,19296007.3526407,12,37
DTV,29.1206243979325,0,0.367359120085069,0.626505924729459,NaN,2.00255757375994,NaN,18,60
DVA,17.9129502557211,0,0.144410599759453,0.475002616210352,NaN,NaN,NaN,11,24
DVN,52.0342416727015,0.17633640237916,0.613424950566394,0.55409803620417,NaN,NaN,13377112.9878311,27,49
DWA,45.3184224006313,0.113938341247367,0.530924188610848,0.558316430181772,NaN,NaN,10818178.1317388,21,45
DYN,42.7453136343992,0.143651895694092,0.404127909782229,0.62228197355427,NaN,NaN,25178550.5224116,15,38
E,41.7937677381698,0.177078241487897,0.541757289305282,0.621470041540978,NaN,NaN,NaN,15,37
EA,35.6469789734585,0,0.368065798118983,0.566798851066353,NaN,NaN,136154492.037809,23,45
EAT,41.8584695226852,0,0.35999320781617,0.537800942755268,NaN,NaN,NaN,28,42
EBAY,46.9231941513382,0.23787987228896,0.539079877539464,0.487619369889898,-0.585294341992786,-0.125526243641412,NaN,21,33
ECA,34.4831372608569,0.0466351393921056,0.378363067215821,0.564940466227436,NaN,NaN,NaN,18,43
ECHO,40.3454042708957,0.0299839355054807,0.353855521797587,0.596337947861689,NaN,NaN,NaN,21,46
ECL,46.5381615893713,0,0.492403669665974,0.572823790737322,NaN,NaN,17057802.7902536,31,57
ED,44.6889929654254,0.11145973246973,0.431875409246324,0.698280265524515,0.14717391244927,0.68174709014782,29270634.9461977,14,28
EDU,44.3547290073658,0,0.439815800830501,0.575894776984713,NaN,-0.273147330827231,20992530.7495937,32,46
EEP,44.7456980172363,0.00906711060889043,0.475110290295914,0.573004163144494,NaN,NaN,NaN,26,59
EEQ,41.0499922361531,0,0.481681553691409,0.596796535659322,NaN,0.811713179355918,NaN,23,61
EFX,37.117286875866,0,0.215287808064203,0.601013360917987,NaN,-0.222577643198752,NaN,24,58
EGO,16.7337425089976,0,0.0777760625707531,0.341494923523498,NaN,NaN,NaN,12,27
EIX,35.5846515215191,0,0.308592535421496,0.623838110498279,NaN,-0.367913993736979,24664127.3802418,22,41
EL,38.4364643681917,0,0.297022650356852,0.530830191018581,NaN,-0.402175145493194,NaN,24,51
ELP,33.8180381400806,0,0.21054503798553,0.357555236363657,NaN,NaN,NaN,17,38
EMC,44.2817814680863,0,0.343715512761917,0.554057801353996,NaN,NaN,NaN,34,67
EMN,41.6881274191946,0,0.440210991062983,0.568171873127679,NaN,NaN,NaN,39,73
EMR,46.5320707632743,0,0.52034848558637,0.56532232476972,0.0365959761446644,0.174100005301992,33924696.8807375,38,54
ENB,34.592141642566,0,0.269869473451597,0.597360464261989,NaN,NaN,NaN,22,54
ENDP,32.0548519506468,0,0.384683334463456,0.636165606297161,NaN,NaN,25948939.9447129,16,47
ENI,43.2656117629721,0,0.34657008839775,0.256898443316903,NaN,NaN,NaN,27,44
EOC,42.1471601185601,0.337333742362593,0.312810418556458,0.232895449348251,NaN,NaN,NaN,11,18
EOG,50.2425212322083,0.0699613909454317,0.49039147776733,0.567654767813421,NaN,NaN,37872803.6962515,38,56
EPB,42.4225259454705,0.215694378006431,0.404700634144922,0.367522386976961,NaN,NaN,NaN,25,35
EPD,44.0733431708878,0.0811444931078431,0.406670488619303,0.487689718236886,NaN,NaN,NaN,19,42
EQR,29.7101639513635,0.0788616211208146,0.263644039519717,0.587123594005414,NaN,NaN,NaN,14,39
ERF,36.2633941150532,0,0.397618705539563,0.486229050664165,NaN,NaN,2159434.44248492,25,42
ERIC,25.2567922952949,0,0.197283224928569,0.404929058016426,NaN,-0.503716696311466,NaN,12,20
ERJ,44.1414181826633,0.0461420249375146,0.459679704228166,0.518021861919345,NaN,NaN,6017107.35692063,20,46
ESRX,50.5194378167047,0.00158856735810553,0.570454111422203,0.681400128562214,-0.278730312747627,0.155765672289254,114338131.753128,20,35
ESV,31.8899675186591,0,0.100516735814904,0.412144789727738,NaN,NaN,NaN,17,25
ETE,38.8224802369945,0.0789290357274417,0.442702916567118,0.595001769437942,NaN,NaN,NaN,12,39
ETN,39.9871119652081,0,0.29815236881238,0.5351700023654,NaN,NaN,61589429.7997665,24,60
ETP,31.5604862157368,0,0.406684122586566,0.607995913915186,NaN,0.666958346980482,NaN,12,40
EV,28.151681158202,0,0.18032726508642,0.554057506627322,NaN,NaN,NaN,11,24
EVR,40.5053883483796,0.0793094561862777,0.427199335721981,0.538970193219557,NaN,NaN,12282652.7818492,21,47
EW,32.6616923735785,0.113702605277583,0.618841591758013,0.698804976978171,NaN,NaN,NaN,11,24
EXC,43.270258441414,0.315842166394979,0.538557506171301,0.658278364199296,NaN,0.264595823808974,NaN,7,22
EXEL,39.7363711405456,0,0.405566305112584,0.506214867306044,NaN,NaN,NaN,31,57
EXPD,52.3082814686331,0.158592066785311,0.539617828471078,0.595128096688798,NaN,NaN,NaN,30,48
EXPE,45.8227162716045,0,0.468186407640432,0.576485377479633,NaN,NaN,NaN,40,61
F,42.1729054907657,0,0.383982370861652,0.595958161845435,NaN,NaN,NaN,29,62
FAF,29.3944577233033,0.0464233770870059,0.290085965964936,0.576654172151625,NaN,NaN,NaN,22,50
FAST,21.4173302283063,0,0.27948355512172,0.314183191474709,NaN,NaN,NaN,11,20
FB,48.3468979644185,0,0.381673423229198,0.604664564184805,0.0138204191183267,0.656204086321569,1427285974.2581,29,53
FBR,39.282322736955,0.304718389667241,0.406052364799983,0.496288796082528,NaN,NaN,NaN,29,70
FCX,42.1902738392793,0,0.398760730081131,0.451119080452421,NaN,NaN,NaN,31,55
FDO,39.9199550041758,0,0.387530039183426,0.476822668379042,NaN,NaN,NaN,31,50
FDS,41.8027056350755,0,0.334060915405145,0.603462391106504,NaN,NaN,4269821.1150145,18,41
FDX,29.7971654536914,0,0.411005970865004,0.691325717606953,NaN,1.71308713919566,65596966.5640146,13,46
FE,59.044864176943,0.290813947299501,0.587471184620032,0.54372615331242,NaN,-0.174084518466925,NaN,9,18
FFIV,36.9705225127286,0.090127517880312,0.439220163854335,0.629712441067682,NaN,NaN,NaN,22,45
FICO,30.6795472197776,0,0.282345726690142,0.558555428389498,NaN,NaN,3718565.85588404,23,48
FIG,38.5646725800325,0,0.40072451571561,0.533881685462117,NaN,NaN,NaN,36,60
FII,39.7333466344763,0,0.426814881342606,0.495535267343282,-0.271995835599239,-0.0350748724855557,NaN,42,65
FIS,45.8879497096439,0,0.354991727779195,0.617723965955445,NaN,0.651648104005322,28439544.0598711,21,48
FISV,29.2952308548425,0,0.384291141896498,0.605038062525618,NaN,NaN,12323309.6326869,15,36
FITB,39.1110648732394,0,0.426374172200213,0.544000405755438,NaN,NaN,17767142.896416,21,42
FL,38.7405178308537,0,0.395269377160659,0.655332118579032,NaN,NaN,NaN,24,50
FLR,47.1069812492718,0,0.564210854799968,0.639390485163993,NaN,NaN,NaN,21,42
FMER,51.3076627916082,0,0.255100532904709,0.571934252796461,NaN,-0.760092089712924,40326744.9418422,14,27
FMS,41.1163245903172,0.0391033073140401,0.523405852422921,0.550435776716479,NaN,NaN,NaN,21,44
FMX,25.1153377131134,0.34673713803551,0.334642771656158,0.45175525477871,NaN,NaN,NaN,11,20
FNF,49.6137641516574,0,0.502611507685514,0.610106935666636,NaN,NaN,NaN,35,66
FOX,34.7267198008721,0,0.353014557469882,0.545507251970046,NaN,-0.0517449410553319,NaN,32,67
FOXA,33.553867799965,0,0.293997433757536,0.572213777671565,NaN,NaN,NaN,23,54
FRT,38.1413344107329,0,0.337327891501372,0.666918074970603,NaN,NaN,3045619.92583313,18,49
FRX,27.1789271636347,0,0.29822561671082,0.647914659268505,0.0806033192285351,1.08965095888898,NaN,13,31
FSL,32.9096505114144,0,0.423746075817691,0.488734477321445,NaN,NaN,17558904.9991308,30,64
FSLR,40.3243068103936,-4.44089209850063e-16,0.271261542392599,0.378208805866828,NaN,NaN,NaN,26,49
FTI,32.1919521716152,0,0.215274021500069,0.449085057512587,NaN,NaN,NaN,23,50
FTK,40.9351246557143,0,0.43840030277755,0.467865933391253,NaN,NaN,8593137.05708884,26,46
FTR,46.2033084497192,0,0.415883530709978,0.57968861029509,1.01083319182729,1.72454355431366,103987977.62778,28,65
FULT,46.8060060459623,0.228324827124995,0.420142051282414,0.518488661199568,NaN,NaN,16033981.5516049,17,42
FWRD,42.9053803873461,0,0.371242361882199,0.562471867759411,-0.494310375991003,-0.236835151769918,NaN,29,48
GAS,37.5073271710368,0,0.274610629486394,0.547787177539679,-0.240544622743745,0.345722262986169,NaN,22,54
GCI,38.641733596487,0.116257468065149,0.329831688919235,0.565467246209521,NaN,NaN,NaN,30,56
GD,39.8081800569768,0,0.327923057204094,0.630531269810445,NaN,-0.0155634016450208,NaN,14,29
GFI,38.9987114144911,0,0.306415781248747,0.141031414016792,NaN,NaN,NaN,9,17
GFIG,34.9422356882531,0,0.289029554128906,0.484592199781365,NaN,NaN,NaN,33,54
GG,29.1041276542705,0,0.257965276405968,0.507341966719629,NaN,NaN,NaN,13,22
GGB,0,0,-1.11022302462516e-16,0.0242948147323909,NaN,NaN,NaN,5,8
GGG,38.9939633646871,0,0.426438387096782,0.569115828503362,NaN,-0.231960938476128,6321244.21592144,29,46
GHL,10.4015778773172,0,0.0142287990893573,0.37213097752782,NaN,-0.786255727541846,13134800,7,10
GIB,33.9328001622729,0,0.293880314514843,0.493869691100413,NaN,NaN,NaN,22,52
GIL,37.5374110728018,0,0.445265526694838,0.57671612947247,0.381186013038113,0.814715700639223,NaN,26,51
GILD,34.357715518391,0,0.490326055141423,0.610292393049049,NaN,NaN,388136797.47114,15,60
GIS,42.7907749708334,0.0939862756531364,0.391106879785458,0.578045684019106,NaN,NaN,113267481.57284,13,31
GLW,43.0711722287144,0.12676507623777,0.446755595008424,0.559515411197106,NaN,NaN,NaN,20,54
GM,45.6636951027399,0,0.453664089842396,0.58315373428432,NaN,NaN,NaN,28,51
GME,37.2163336189953,0.0824579746537599,0.373182105704649,0.710890501323892,NaN,NaN,25163322.6080556,15,38
GMT,40.8216648312139,0.1284749670819,0.350980883050778,0.444586675080239,NaN,NaN,NaN,17,41
GNTX,44.2711048233095,0.0682175159905853,0.461748713641879,0.643952341384021,NaN,NaN,21257168.9703983,29,55
GNW,48.0358554909152,0,0.454171726483275,0.622548296519735,NaN,NaN,112685106.210859,33,53
GOOGL,43.3678131714156,0,0.455501573827922,0.541140311964476,NaN,NaN,NaN,26,46
GPC,31.0075646125779,0,0.315993252088978,0.621710711779319,NaN,-0.0972047311464866,11314577.5978794,17,40
GPI,47.9791137476227,0,0.52108201884964,0.565216947687007,NaN,NaN,NaN,37,63
GPN,35.5043422095451,0,0.380261295095085,0.705559134443392,NaN,1.42033831928313,32308100.0140336,17,56
GPS,46.6140415001702,0.0604165938164014,0.35080055282169,0.51578666044132,NaN,NaN,59188250.5940428,15,38
GRFS,40.4877159070082,0,0.379400533374643,0.57588937964393,NaN,NaN,NaN,31,68
GRMN,48.5807274519898,0.0640214849516381,0.463240013635651,0.514083032759556,NaN,NaN,11679422.0237381,26,50
GS,48.8250680899171,0,0.424633402422676,0.512600386452255,NaN,NaN,105676704.717729,28,59
GT,40.6967347081869,0,0.380589957543467,0.606231445482036,NaN,NaN,64234061.677786,22,45
GSK,43.1952643983814,0,0.498011771505034,0.563691271116038,NaN,-0.0349388986607655,24795489.9994411,25,55
GWR,39.0439688001866,0,0.441058473416545,0.491379813377778,NaN,NaN,NaN,28,57
GWW,31.2354533185715,0,0.350242454020226,0.566171447003003,NaN,-0.542753422984673,NaN,21,44
GXP,37.6780200179885,0.0887470882038579,0.349725522400279,0.550797601437621,NaN,NaN,26828752.9336627,20,46
H,46.5266210738438,0,0.448770738962382,0.58956901275406,NaN,0.064426621889256,NaN,22,51
HAIN,37.8315987597866,0,0.440211187594452,0.59098526340464,NaN,NaN,3471736.10378937,25,39
HAL,42.4604532678749,0,0.464006635537435,0.500697775208601,NaN,NaN,NaN,39,54
HAS,38.3871875440846,0,0.34474235551613,0.592042520380972,NaN,-0.175309681829959,43749799.8732238,24,48
HBAN,39.8640108572602,0,0.327863601313071,0.648739258847307,NaN,NaN,112909188.859834,19,45
HBI,36.1643157248801,0,0.458393969585104,0.637072167165934,-0.256715949938104,0.99659419114103,45126941.0774955,16,34
HCA,30.224636029289,0,0.423794885331402,0.630734434145332,NaN,-0.0131413590416304,NaN,21,42
HCC,35.4512933312083,0.00262930887382229,0.278459131450075,0.595542849369846,NaN,-0.261800384621384,NaN,19,44
HCN,56.3904677263978,0.391002707169865,0.587775738210601,0.545649350042762,NaN,NaN,49626705.646878,6,15
HCP,46.804642921111,0,0.386676975714016,0.415080642785739,NaN,NaN,NaN,7,19
HD,34.1501401496795,0,0.293456244164874,0.612338538171715,NaN,NaN,68951146.3307292,19,42
HDB,38.75439382019,0,0.362033784019079,0.510800926608654,NaN,NaN,NaN,29,55
HE,45.5671831396011,0.257095712425773,0.655273583179736,0.646267729955248,NaN,NaN,NaN,10,35
HEP,12.7418531167838,0,0.0452904352270982,0.0536394164864429,NaN,NaN,NaN,8,13
HES,36.5564004002711,0,0.252135391054782,0.400584688074314,NaN,NaN,63747621.1873828,25,41
HFC,14.1437055670905,0,0.0722610722610719,0.388988094615733,NaN,NaN,NaN,6,11
HIG,35.8456829544692,0,0.29360227087426,0.609696331246772,NaN,0.126252386769776,44510906.2899854,22,43
HK,27.7227332386364,0,0.0826394533477555,0.315284023023398,NaN,NaN,NaN,16,20
HMC,36.2298691100824,0,0.219161072819018,0.483096961413777,NaN,NaN,NaN,21,45
HNP,34.2459928429188,0.144367569533175,0.416176550496181,0.546374657889684,NaN,NaN,NaN,14,39
HOG,30.2731924718054,0,0.30965766889884,0.509854525363242,NaN,NaN,NaN,28,62
HOLX,50.1807625646468,0.0900995305403014,0.435856498238226,0.483595149641217,NaN,NaN,NaN,24,42
HON,43.2300914288729,0,0.360380159491563,0.591668275740122,NaN,NaN,39798032.3622858,19,41
HUN,28.6961145782231,0,0.172807134880113,0.524737943359371,NaN,NaN,35873804.5468765,20,54
HOT,37.1201521335905,0,0.342570170636745,0.607467866385447,NaN,NaN,30882278.6615159,19,57
HP,49.7646075877663,0.0372313654474423,0.609250158375491,0.557349473917375,NaN,NaN,20245453.6374202,17,35
HPQ,45.1435585850708,0,0.366926535368854,0.509318530118555,NaN,NaN,463189264.485354,16,33
HPY,36.9509770505956,0,0.392676766694164,0.580910983546905,NaN,NaN,5278870.27952741,17,53
HRL,30.3705340316689,0,0.293816237558528,0.619720028961774,NaN,-0.147958864145858,15557629.1251987,18,36
HSH,33.682843247447,0.111233861763992,0.363952609417523,0.558705005635726,NaN,NaN,NaN,11,23
HSIC,40.6896615756772,0,0.351043514545558,0.614911610355432,NaN,NaN,6953495.38499992,15,37
HSP,41.0391049179494,0,0.343446566028497,0.62555531527163,NaN,0.925726904527509,NaN,23,56
HSY,41.468923130938,0,0.339017764615896,0.550910027058527,NaN,NaN,NaN,29,58
HTLD,35.6510564921514,0.0252418018789244,0.346977868919305,0.560220204214413,NaN,0.11108112028254,NaN,15,36
HTS,55.890190729846,0.280024038235821,0.778693680590167,0.413097687695039,0.180498930258975,0.0948812389260305,NaN,8,15
HUBG,35.1468829275885,0,0.440959045686497,0.602329253635546,NaN,NaN,NaN,20,43
HUM,39.2226845334221,0,0.311230871344013,0.605540071525337,0.0851797663358442,0.490814823321068,NaN,26,49
HXL,40.236322880117,0,0.369446510352347,0.666542930407067,-0.286342428299258,0.47113733831019,990757.127743917,15,30
IAG,31.9560888776505,0,0.0703833444389796,0.261049662174693,NaN,NaN,NaN,35,49
IBM,36.2155975228881,0,0.371589424011044,0.373525371305926,-0.631168375754032,-0.450689292208828,NaN,15,20
IBN,40.0499885207063,0,0.343181915248755,0.49601362307641,NaN,NaN,NaN,25,65
ICE,33.0604187379259,0.0679961920811967,0.347696403800583,0.612414525127312,NaN,NaN,19382463.0594381,11,29
ICLR,44.5749674879953,0,0.323233006983416,0.598063989840093,NaN,NaN,11713770.3101523,28,57
IDXX,45.5352641388434,0,0.452867645333003,0.614202367013925,NaN,0.558738081573654,NaN,36,62
IFF,46.9323941467229,0,0.407751816707322,0.57639458642746,NaN,NaN,6379354.96824995,26,47
IGT,45.5471268787254,0.139746418296213,0.380820608844244,0.510347461476948,NaN,NaN,NaN,19,49
IHS,33.2953445235983,0,0.411825059190665,0.543858176283522,NaN,NaN,NaN,23,62
IILG,34.630663487714,0.092515531648274,0.300615704219722,0.531231459044756,NaN,NaN,NaN,15,34
ILMN,35.8791696295562,0,0.371176588403441,0.575276325896729,NaN,NaN,63928706.5339863,23,38
IM,38.4141414944515,0,0.417211487858749,0.558657245352131,NaN,NaN,6104611.64562464,22,43
IMAX,31.6368165120743,0,0.433192851383,0.603864223639792,NaN,0.719334010584523,NaN,21,54
IMO,48.9811909157695,0.12469374870962,0.526079208087471,0.540742384198026,NaN,NaN,NaN,28,48
INCY,35.1210513883852,0,0.39721856376605,0.612378754290891,NaN,NaN,NaN,14,38
INFA,39.0159046450443,0,0.39337410363964,0.521611805666356,NaN,NaN,NaN,27,67
INFY,46.8670693040822,0.0661615371408188,0.545179008208063,0.537555468860586,NaN,NaN,NaN,18,48
ING,41.9877784935411,0,0.464186933361713,0.642858828929443,NaN,NaN,NaN,26,50
INTC,37.9298524865584,0,0.356699911780139,0.603770938145747,NaN,NaN,1280028445.2927,21,49
INTU,35.1317215411511,0,0.304703514639762,0.634080082868563,-0.548393790626621,0.252591825199203,27612934.8791381,21,46
IP,35.6681887313252,0,0.303924630679194,0.446426216346067,NaN,NaN,NaN,22,43
IPG,29.2519493843581,0,0.309346514571216,0.543821300469744,NaN,NaN,74365795.4779584,19,44
IR,42.5599959089843,0,0.313212463321051,0.496714336275444,NaN,NaN,38051245.3441273,23,38
IRBT,49.3800904052216,0.204059109561796,0.481932407917025,0.499086536859073,NaN,NaN,17855249.0632376,21,39
IRE,44.9019070111445,0.0271910428485946,0.37787339979462,0.603209819222485,NaN,NaN,NaN,29,47
IRM,40.4989749221058,0.265066090296696,0.502708165528549,0.566741168586929,NaN,NaN,NaN,9,24
ISCA,47.0126913478177,0.0992919334495383,0.459894141430381,0.499587303676828,NaN,-0.455552713673686,2561193.70159566,19,38
ISRG,40.486249776553,0,0.271106092775113,0.478791408754195,NaN,NaN,NaN,30,49
ITC,48.611186215737,0.119693009644154,0.475291444470899,0.579560250185238,NaN,0.365282888771161,3467018.81264884,17,37
ITG,40.9118274433161,0,0.421279718723325,0.650263350227075,NaN,NaN,3883334.66861283,28,56
ITMN,41.3926556095822,-3.33066907387547e-16,0.494600438160648,0.643930823066714,1.54019083066816,4.06824426503199,34936780.5013335,27,55
ITT,44.4710262891561,0,0.501212147275669,0.582586951135963,NaN,NaN,18291153.3598563,22,43
ITUB,42.5131595971678,0,0.414934449733343,0.367393513615036,NaN,NaN,NaN,14,44
ITW,31.2004380460895,0,0.310515884789702,0.672140554748875,NaN,NaN,44669781.0642446,17,43
IVZ,39.7812263802111,0,0.38431828638426,0.579583767079002,NaN,-0.0542058242115159,25729907.6308196,24,54
JACK,29.9632523488652,0,0.481574062014636,0.661112633158534,NaN,NaN,6166983.22262287,12,32
JASO,46.1179537353233,0.0995185535742349,0.461727823675629,0.552689366190616,NaN,NaN,NaN,21,50
JBHT,43.9315640630566,0,0.398009000761645,0.517985807944328,NaN,NaN,NaN,32,57
JBLU,40.5938050205203,0,0.320349584133893,0.456606698647966,NaN,NaN,68199600.1176513,23,46
JCI,34.4538935439698,0,0.36613782420727,0.580081717717337,NaN,NaN,102880328.445413,20,34
JCP,23.3101050222723,0,0.0483275175267444,0.328420096272669,NaN,NaN,NaN,16,28
JKHY,49.9252970110587,0,0.365878128783752,0.518331220092169,NaN,-0.405893618463433,7820960.70504505,23,40
JLL,33.9600393938237,0,0.307134871965095,0.562466290690975,NaN,NaN,NaN,22,42
JNJ,45.1330210603818,0,0.465636307522378,0.623536362458788,-0.133641022323585,0.103702744104676,234012374.13488,32,49
JNPR,40.1214871773422,0.387100612754876,0.590336364958633,0.552888648424694,NaN,NaN,NaN,11,25
JNS,40.5142201555174,0.0814297267052504,0.422127237452485,0.570489544507699,NaN,NaN,NaN,16,58
JOY,50.5638399692304,0,0.195896053174029,0.288384370856675,NaN,NaN,31768200,20,33
JPM,36.8556582756916,0,0.396254224036523,0.577628631908383,NaN,NaN,NaN,21,49
JWN,35.9851442439181,0,0.380190240329938,0.570741351437141,-0.248213756277226,0.164531499979516,NaN,37,61
K,39.9879676082534,0,0.260501056382163,0.458422316805633,NaN,NaN,29871020.8781018,24,41
KEX,39.0162611426019,0,0.427690496354122,0.547298186137953,NaN,NaN,NaN,21,39
KEY,46.4497519302743,0,0.394392039009408,0.583513450367624,NaN,-0.0107365757790616,154125928.444031,28,54
KGC,15.158752819617,0,0.0191964285714281,0.0480856179437574,NaN,NaN,NaN,12,27
KIM,46.2492258597836,0.154111072464722,0.604229554807826,0.686143833393146,NaN,NaN,NaN,10,24
KLAC,41.2478245035704,0,0.390282388212042,0.633194756044519,NaN,NaN,30483730.8541578,26,51
KMB,39.3243977332261,0.0430661672720787,0.329847955200419,0.516507024242424,NaN,NaN,59770125.2557089,12,31
KMI,40.5375872097123,0,0.388100967095124,0.532464706252911,NaN,NaN,NaN,25,47
KMP,28.5673669377077,0.198646260105347,0.416157535267082,0.441651965524833,NaN,NaN,NaN,20,31
KMR,42.7853759792162,0.242743106445524,0.369200484827399,0.491307489768741,NaN,NaN,NaN,18,32
KMX,41.5237980679211,0,0.304240759521967,0.613162056559289,NaN,NaN,11139783.0452565,23,43
KND,40.2044258737291,0,0.439700247821658,0.623646618118586,NaN,NaN,NaN,29,56
KNX,46.6071051930544,0,0.50274301666865,0.617262945270658,0.20771377255839,0.537265360535321,NaN,19,32
KO,18.8280420188353,0,0.209503328892692,0.554083640298461,NaN,NaN,NaN,12,32
KOF,34.6091000773962,0.449140300412725,0.402161171949406,0.353319031313746,NaN,NaN,NaN,13,21
KR,31.9545000172141,0,0.300884037674183,0.482006812900224,NaN,NaN,101304216.430803,12,23
KRFT,44.5213101482557,0.117854581829822,0.487404428017706,0.637572757003757,0.317965748482726,0.981734523749689,69211937.0151871,21,50
KSS,38.6783693824596,0,0.265444588702847,0.58967051257373,NaN,NaN,31507700.1852947,18,57
KSU,35.4855607099901,0,0.253277576596182,0.509301806383419,NaN,NaN,NaN,30,64
KT,43.949564452019,0,0.381098168183215,0.378316151850568,NaN,NaN,6874700,27,49
KTOS,45.6270789918575,0.0236773812034035,0.53183763873844,0.652520053630477,NaN,NaN,5993786.5521505,21,32
L,43.7694506772259,0,0.409001338852517,0.526910442117838,-0.391000809738449,-0.118698101333691,7512443.19980008,31,48
LAD,32.9168906693175,0,0.309649668637399,0.534920638571625,NaN,NaN,6826919.11675648,22,41
LAMR,31.3277214421395,0,0.277557578443183,0.534540506289467,NaN,NaN,NaN,28,46
LAZ,40.8989476859775,0,0.478564995395337,0.623371023519232,NaN,NaN,NaN,25,49
LBTYA,35.7380922885833,0,0.209585600057278,0.454148272038588,NaN,NaN,NaN,21,49
LEN,43.0213716128744,0,0.384436713288172,0.495163180815082,NaN,NaN,NaN,35,73
LKQ,30.8378919346146,0,0.446879132629336,0.590971617555123,NaN,NaN,NaN,17,50
LLTC,43.4054898081795,0.0336197813276262,0.469318356477925,0.632889027208604,NaN,NaN,31713926.9395837,22,50
LLY,40.1554787550185,0,0.534702856439752,0.658630589322807,NaN,0.746617311557249,49109846.8890653,23,44
LM,34.2519345612288,0,0.334098462756702,0.676616604807626,NaN,1.63132878272669,36147316.1284328,14,49
LMT,28.4031512017589,0,0.351075423793751,0.565572637575526,NaN,0.175089296944937,83474598.8998617,11,28
LNKD,39.2120168327193,0.218719499946902,0.440273324765494,0.541499330490122,NaN,NaN,21174253.4015723,13,29
LO,43.6849126349548,0.0944625384741316,0.382694649905383,0.415317614247638,-0.35811026938064,0.0783208014849837,NaN,21,63
LOW,36.8251165193301,0,0.354646417963631,0.56106050693186,NaN,NaN,22891442.2770238,16,33
LRCX,40.6477719359373,0,0.369922454316006,0.67755853964178,NaN,0.135880972512724,43642939.6932504,14,27
LSTR,38.490331499221,0.00690400888370268,0.431685830887168,0.574383244467276,NaN,NaN,NaN,23,44
LULU,44.6816394039236,0.177970249256225,0.595903927122935,0.528683359064461,NaN,NaN,NaN,16,27
LUV,25.936876957744,0.0275325114811,0.296356977513885,0.631082482356493,NaN,NaN,168347258.569742,9,24
LUX,46.8160086451102,0,0.353548788298816,0.453601268805112,NaN,NaN,2884935.46224926,32,68
LVS,30.9257433981234,0,0.446589753613786,0.603556879961933,NaN,NaN,NaN,22,50
LYG,49.7449919390661,0,0.57900228514104,0.654192918226021,NaN,0.805486081851756,NaN,27,49
M,44.6788792129728,0,0.404827092738289,0.569430604996634,NaN,NaN,32100213.0339365,19,43
MA,38.0276122805236,0.0306139731386026,0.344655298003065,0.651440017137811,NaN,NaN,NaN,15,31
MAC,36.814233277933,0.231572121801207,0.466436191276796,0.76193274872679,NaN,0.386906031768647,NaN,7,19
MAN,45.6579885559684,0.0119330372272477,0.441447931989417,0.568079115695673,NaN,NaN,17538175.3622047,24,36
MAR,29.7781109288559,0,0.286241832644422,0.626029906376458,NaN,NaN,NaN,11,31
MAS,36.5414226235279,0,0.307713160982419,0.531943530011884,NaN,NaN,NaN,24,62
MAT,39.3568438663404,0,0.40471035094513,0.508012440482177,NaN,NaN,NaN,23,40
MBT,25.1770765409426,0.142840729806303,0.315512148534928,0.458202984641147,NaN,NaN,NaN,13,25
MCD,42.2179352510246,0.310370697104448,0.534279916614623,0.782345087120017,-0.3084316114963,0.083538019615091,72795654.052141,11,16
MCHP,35.4552209435218,0,0.461852052387059,0.608205937930959,NaN,NaN,42140491.1646343,29,59
MCK,37.6181723685805,0,0.343844728419265,0.604820005305674,NaN,0.0795882212988144,NaN,14,29
MCRS,48.9275530508626,0.173795823380165,0.523903544258321,0.501243601961748,NaN,NaN,NaN,21,39
MDLZ,40.0212162166321,0,0.352095531817692,0.567039890116224,NaN,NaN,188971128.887659,26,53
MDT,32.4727147257869,0,0.320601625301531,0.638252948580934,NaN,0.379526619448712,42357699.6549561,13,40
MELI,49.3527033238592,0,0.456978117648029,0.434680731514746,NaN,NaN,NaN,23,39
MEOH,39.8871334311691,0,0.507531220273552,0.533439276779781,NaN,NaN,6941321.82267218,30,48
MET,34.8144202608141,0,0.360325628876279,0.624068928977993,NaN,NaN,NaN,24,62
MFC,39.6897038706778,0,0.483006838197743,0.656224450532424,NaN,NaN,29278765.8719042,27,60
MFG,39.8354238593606,0,0.296665371665373,0.291673094975325,-0.474493407384569,-0.453534603132614,NaN,30,37
MGA,39.184463909484,0,0.317215387203972,0.544080900344572,NaN,NaN,23562903.5325524,15,34
MGI,42.7725173515549,0,0.518036748728916,0.629014626689571,NaN,NaN,NaN,16,29
MGM,41.8399814442181,0,0.51602505762459,0.596251764387883,NaN,NaN,NaN,33,53
MJN,40.3440215175482,0.00544979304740578,0.427148769777925,0.592493769782084,NaN,0.0182494040073542,18787684.0738052,14,40
MKC,20.2027873395454,0.0322801154563677,0.385905384258581,0.652087731918775,NaN,-0.00141729865789819,NaN,9,18
MKTX,42.1662605595329,0,0.596286232172418,0.634711047832756,NaN,NaN,NaN,24,42
MLM,46.6063363063874,0,0.455395567839178,0.555853257800106,NaN,NaN,NaN,32,57
MMC,41.245479928309,0,0.33903667771981,0.671054253332843,NaN,0.0145923027139006,67544267.2872508,18,35
MMM,32.5608812094207,0,0.313261244958649,0.689308848015424,NaN,-0.0896046797312092,107584778.680336,13,27
MMP,36.6787049669217,0,0.421727344013257,0.551692728919547,NaN,-0.0122361629693397,NaN,23,41
MNK,47.2708646345469,0,0.415539840180251,0.573804819365976,NaN,NaN,NaN,23,36
MNKD,35.5600417118947,0,0.269996312752919,0.422425811159653,NaN,NaN,NaN,19,45
MNST,41.3159122512678,0.216601792694666,0.415140556510238,0.506530274006032,NaN,NaN,NaN,17,53
MNTA,47.9115701385347,0.147699169345348,0.521240719917899,0.542903456165247,0.099231340680072,0.623300964045141,NaN,28,52
MO,28.2419117063141,0,0.25416374896254,0.563368655777435,NaN,-0.0750922900693733,NaN,22,46
MON,38.8981774412889,0,0.303497357438961,0.482470412008634,NaN,NaN,24884562.247188,25,58
MPC,41.600712605086,0,0.414637540262701,0.526513797733529,NaN,NaN,NaN,43,72
MPEL,37.98152054777,0,0.620650973286795,0.677849368285271,NaN,NaN,NaN,15,47
MR,43.7129293586466,0.132663724020873,0.291618913405019,0.476675226013284,NaN,NaN,9665382.87527202,22,36
MRK,36.1008123603018,0,0.301885909215289,0.550702055320722,NaN,-0.473379751817243,NaN,19,52
MRO,43.1593035565303,0,0.290577702270224,0.449970751600478,NaN,NaN,NaN,31,75
MRTN,22.6606742264164,0,0.0584152128105966,0.434778146553369,NaN,NaN,239533.726920754,11,33
MRVL,46.1354631178521,0,0.497319550961448,0.592061416673608,NaN,NaN,69938152.541541,30,50
MS,37.9935937844346,0,0.450040025476921,0.649304150453114,0.322229199963211,0.951295752055222,123883514.285447,25,45
MSCI,38.7258651769484,0,0.333636653626364,0.607195874746141,NaN,NaN,NaN,20,49
MSFT,38.0474405090501,0,0.361573935740774,0.610236333929227,-0.293452792745948,0.484705630750536,544048917.288748,21,46
MSI,43.2609951932043,0,0.470538976804402,0.466517188263453,-0.362146348697965,-0.234911107039738,26383375.510005,33,49
MSM,49.0085164142801,0.0452007611850889,0.528247755036924,0.561833207385975,NaN,NaN,NaN,25,49
MT,43.2414010678692,0.255843606978113,0.375722074637797,0.466423938225167,NaN,NaN,NaN,38,56
MTB,45.2721370952018,0,0.47872045599716,0.545092068646669,-0.194830667946588,0.0446778809856465,NaN,43,65
MTU,42.4221087765498,0.213288984997964,0.546993122725475,0.623512706200088,NaN,0.0267099394892381,NaN,17,26
MU,36.6866464560085,0,0.439225913610626,0.633749896670102,-0.170758115435471,0.405856989850391,1390988198.47646,27,37
MUR,40.5919678569903,0,0.375112319750151,0.473379415141023,NaN,NaN,NaN,14,46
MWE,44.2389096974893,0,0.445141075119917,0.542078671157032,NaN,NaN,NaN,28,44
MWV,35.1262585402302,0,0.404201789038014,0.577644154245588,NaN,NaN,NaN,17,50
MXIM,23.5982318222455,0,0.200963205219423,0.515202501917539,NaN,NaN,NaN,17,48
MYGN,47.6301806968197,0,0.496718215963423,0.556289841790299,NaN,NaN,NaN,35,57
MYL,46.4915380822072,0,0.581104390305008,0.690083199016072,NaN,1.31002180551643,138638482.135085,25,45
NAV,39.1196931929051,0,0.503750584016349,0.573786939009588,0.60495327514195,1.74126441767779,21333179.5292273,27,56
NBG,43.2497206384097,0,0.311735624475541,0.335633393620876,NaN,NaN,NaN,46,65
NBL,33.5702159683687,0,0.474055967140261,0.470033240279121,NaN,NaN,NaN,15,29
NBR,39.2391854280113,0.022235804086113,0.428569023935398,0.54571556228847,NaN,NaN,NaN,22,51
NCMI,35.3329628404251,0,0.624141551412726,0.559642965534579,0.532530611964983,0.859522767135922,NaN,23,44
NDZ,48.9427792261439,0,0.41835594934563,0.703601644430383,2.11223714129311,2.85923556660141,4549156.50628937,17,43
NE,21.2331664358607,0,0.247432434196011,0.496474641753734,NaN,NaN,NaN,12,27
NEE,42.842366270114,0,0.280921218450674,0.552427203165698,NaN,-0.314949942987371,47142713.150134,25,55
NEM,38.5243826786738,0,0.470660225442834,0.634070444523562,-0.432404510746975,-0.127874530921058,NaN,9,11
NFG,41.6127260341773,0,0.289819709832482,0.548990404209407,NaN,NaN,8058135.96845135,26,56
NFLX,43.4678893772357,0,0.344132847799725,0.513921771300992,NaN,NaN,33645780.3252267,31,48
NGG,45.1809855995294,0,0.363896453783825,0.62062947734121,NaN,-0.356766830534034,NaN,20,43
NI,41.2675470594233,0.000558036061738321,0.375870240873679,0.555827529922043,-0.545163567743209,-0.221943137005383,NaN,17,35
NILE,43.3270901497322,0,0.36559395393327,0.441286438403093,NaN,NaN,NaN,28,49
NJR,35.2192131700848,0.0959918531668849,0.275817330902438,0.443788134374064,NaN,NaN,5528697.47296798,10,30
NKE,44.8875410113274,0.0854303915104113,0.379565429078116,0.601777621339558,NaN,NaN,40191302.7791773,20,40
NMR,46.5168145879323,0.334060207025847,0.567658110213927,0.641875250951268,NaN,NaN,NaN,12,18
NOC,32.9695796084165,0,0.335769551780636,0.629950054049731,NaN,0.276836198181533,95103633.6334375,12,33
NOK,43.1250257637894,-6.66133814775094e-16,0.431710237411291,0.616734984759256,NaN,NaN,1352150258.70702,29,70
NOV,43.1115717790456,0.0545904333454355,0.439396005750087,0.56403781651706,NaN,NaN,NaN,27,52
NOW,30.0348143648367,0,0.337527770948472,0.502688958109099,NaN,NaN,NaN,13,41
NRG,41.8854136496447,0.0533237695889748,0.400635773189471,0.609749475422534,NaN,NaN,NaN,23,54
NS,47.6453565208263,0.0266132393895993,0.456811030039556,0.572218946923472,NaN,NaN,NaN,26,45
NSC,36.7989438309611,0,0.425935300358496,0.650623233684933,NaN,NaN,48385349.2389675,15,35
NSH,43.3451398717323,0,0.416840774674572,0.5164235034614,NaN,NaN,NaN,32,48
NTAP,50.9038568679538,0.0126595717687452,0.304634190386051,0.427839388485058,NaN,NaN,86172877.5797489,20,55
NTES,44.1381285860593,0,0.471492321153372,0.573441032026383,NaN,NaN,12783300.2690224,19,42
NTRS,37.4257806854313,0,0.430085255127389,0.542888695849438,NaN,NaN,20909806.8747338,21,57
NTT,36.1271248469281,0,0.287517604687727,0.459729479632373,NaN,NaN,13752370.0057186,27,64
NU,42.9305392272973,0.201831675345324,0.57538532814902,0.618691755465788,NaN,NaN,NaN,13,37
NUE,41.7382768877689,0,0.393366379922243,0.538727443435867,NaN,NaN,NaN,35,66
NVDA,38.8056984668846,0,0.366132232538449,0.567670308542322,-0.404345457386391,-0.0358935629939566,NaN,28,41
NVO,41.0353688299636,0,0.000660372992482783,0.0469452016593745,NaN,NaN,1914800,6,11
NVS,33.7824540573895,0,0.317325931314643,0.628166773693512,NaN,0.0594110260989889,38220458.685864,17,38
NWSA,27.2533695757927,0,0.183743447871225,0.41825926469961,NaN,NaN,NaN,20,31
NXST,26.2489283195074,0,0.324861977931067,0.607264119458311,NaN,NaN,NaN,13,34
NYCB,33.9979623083631,0,0.222524509982529,0.5154283586397,NaN,NaN,46687291.2434255,15,37
NYT,34.8411269293605,0,0.330532340568676,0.475057959041709,NaN,NaN,35404609.1474143,30,54
O,27.6784758508181,0.300675313981715,0.416408479652724,0.301252922893613,NaN,NaN,NaN,9,18
OC,33.9657586829556,0,0.226121343273225,0.426982979781589,NaN,NaN,NaN,22,35
OCRX,37.1159380633353,0.271323710472178,0.540174253465489,0.472397444538996,NaN,NaN,NaN,16,46
ODFL,34.5457595999558,0,0.335730831701943,0.639362292154406,NaN,NaN,3177516.75112236,13,29
ODP,47.4561334001808,0,0.318878226126925,0.495005819948542,NaN,NaN,NaN,36,64
OGE,40.9251463799385,0.167514770432118,0.64689205959763,0.76153097585,0.489135629013263,0.819842095363827,12398821.4698605,9,18
OI,47.3290397914714,0,0.503314013119998,0.616878346593398,NaN,0.136753885150323,NaN,28,45
OKS,48.3382402146961,0,0.346039003298889,0.268404073037155,NaN,NaN,NaN,20,29
OMC,40.103737966202,0,0.371803247368952,0.596663030109799,NaN,-0.0309172720239147,16524654.6544096,25,38
OMI,35.5150766182925,0,0.269553605768368,0.568242053484432,NaN,NaN,NaN,23,48
ONNN,46.2620600515674,0.077704827736732,0.548881759557286,0.656044746348105,NaN,NaN,65953681.9689775,23,38
OPEN,47.1081301835498,0,0.323157272474061,0.507764328472248,NaN,NaN,6389362.62570535,25,44
ORA,42.1342184626788,0,0.39054363626576,0.510893428484003,NaN,NaN,NaN,31,64
ORAN,48.896596400837,0,0.403164213374759,0.56045468113965,NaN,NaN,NaN,34,61
ORCL,40.0906342346605,0.0350027815807614,0.443105656008722,0.61137420913799,NaN,NaN,NaN,24,49
ORI,42.2835041233075,0,0.314754182331055,0.578304227541939,NaN,NaN,52185684.9886761,20,36
ORLY,42.5594874161953,0,0.411499288200166,0.57675382911451,-0.00830258333550571,0.365999079462788,34485512.151892,19,41
OSK,44.2901520326596,0,0.566233900483129,0.60071978024129,NaN,NaN,10171945.8634864,24,56
OXY,37.3769632887113,0,0.339815761581676,0.44621832545291,NaN,NaN,NaN,33,58
OZM,52.6177570302101,0.226701987239966,0.476759381122659,0.571735355443579,NaN,NaN,NaN,13,34
PAA,41.2173059489853,0.068928949961989,0.429116064685941,0.514663779057299,NaN,NaN,NaN,18,47
PAC,33.3856540752764,0.0352061449139682,0.396821093616485,0.557857442807635,NaN,NaN,NaN,19,55
PAG,43.6524801762806,0,0.364843300921126,0.601261407993378,NaN,NaN,8755198.45913204,31,66
PANW,44.8494656749609,0,0.476172048870441,0.627072177923299,NaN,NaN,NaN,14,32
PAYX,46.6673065301555,0,0.500545685460589,0.60743649247422,0.380591809881105,0.601466747353015,33972736.1957622,29,48
PBA,39.6811506630265,0,0.431381160337068,0.528214952057017,NaN,NaN,NaN,24,46
PBCT,49.5104015265137,0.133567727935916,0.446579622572216,0.625654755379811,0.00257787763605943,0.172219960557766,26284429.3335332,20,29
PBI,27.033230025686,0,0.271952548825307,0.544162558114951,NaN,NaN,58769181.3479053,16,52
PBR,32.8512448746156,0,0.229984106473545,0.279587269771425,NaN,NaN,NaN,12,27
PCAR,41.5907391872274,0,0.360613115500166,0.563312999942386,NaN,NaN,22646179.9580453,31,44
PCG,47.238660124572,0.242399808560355,0.638316170642675,0.683392702572707,0.49055905869494,0.835659450722152,81590041.2035936,9,20
PCL,55.2300213579665,0.0522396769684204,0.486581407011426,0.653081454232769,NaN,NaN,NaN,14,26
PCLN,39.8852334962034,0,0.562405948561184,0.554926892010653,NaN,NaN,NaN,16,30
PCP,36.2937564336062,0,0.44765859194223,0.55724559904913,-0.200587683271193,0.102877156628669,NaN,40,65
PCRFY,40.9272502604873,0,0.374873257125238,0.530245811084029,NaN,NaN,NaN,32,60
PDCO,49.5042571483076,0,0.396406765197923,0.549094529638993,-0.21619472619572,-0.0318854354702072,NaN,27,47
PEG,42.9271938672482,0.0259764927363026,0.445007762495462,0.583130475509403,NaN,NaN,72903808.4277521,15,44
PEP,41.3190447916175,0,0.443658018776805,0.619189997110309,NaN,NaN,88043427.3200919,16,36
PETM,40.3251477229934,0,0.484670085041326,0.614560470752957,NaN,NaN,NaN,26,46
PFE,38.3424279456372,0,0.393605145764364,0.609479243874249,-0.335119102992204,0.102358085995937,NaN,24,50
PFG,26.3005403998696,0,0.371514174792126,0.645380998983544,NaN,NaN,29314594.7785056,17,41
PG,49.7476951345391,0.119979653881962,0.522663145269768,0.545527020071586,NaN,NaN,171262932.865817,14,40
PGH,41.4529572429968,0,0.397957205774217,0.407131060655918,NaN,NaN,NaN,27,63
PGR,31.419766398138,0,0.211276781495978,0.517874973030231,NaN,NaN,NaN,20,49
PH,42.3383980449091,0,0.472809204501633,0.554257960960818,NaN,NaN,NaN,30,61
PHG,49.2328398356504,0,0.524146716961483,0.569922082217449,NaN,0.221633192022174,NaN,37,52
PHM,30.8738187504332,0,0.172689740499782,0.292433639759599,NaN,NaN,NaN,21,48
PII,38.9555607470893,0,0.391563430103528,0.605518829380683,NaN,NaN,12712539.6695165,20,49
PJC,34.302576229549,0.0292035176662675,0.429122854749107,0.636695961365914,NaN,NaN,NaN,18,43
PKG,37.2010014983575,0,0.50873093233319,0.637105133995123,NaN,NaN,33691113.5816649,12,39
PKI,43.954464866533,0,0.353618983004175,0.55026026607036,NaN,NaN,19473624.5522535,29,58
PKX,37.3706382971853,0.25227049623111,0.406097740114477,0.533878082247086,NaN,NaN,NaN,15,30
PL,39.4287297856675,0,0.393654007964174,0.672291915579365,-0.806018480604328,0.415835995846201,9954646.33341569,12,30
PLD,13.0078663208502,0.437431156312562,0.59994501459011,0.601722568153059,NaN,NaN,NaN,6,18
PLL,39.6263037854375,0,0.456177090030816,0.588963101481976,NaN,NaN,NaN,29,51
PM,40.2187323789114,0.251378137177662,0.459991629797855,0.331804682803313,NaN,NaN,NaN,10,17
PNC,39.8920709866173,0.0134802638999207,0.477124601928053,0.591140701396532,NaN,0.460705020845245,86577729.9315422,20,53
PNR,41.7108953877826,0,0.4328319354953,0.731343410070444,NaN,-0.151703064601597,NaN,17,27
PNRA,41.4957176845062,0,0.408805886164337,0.519158363591143,NaN,NaN,NaN,14,27
PNW,49.0116329242565,0.379633266453834,0.710704137353748,0.743950161282861,0.760124841295239,1.01917920592631,NaN,9,21
PODD,35.8727831507415,0,0.364042583086659,0.626858061080502,NaN,NaN,2782831.12304378,17,42
POM,29.4848306376155,0.00760511043674295,0.358419626484031,0.625575614696828,NaN,NaN,NaN,9,35
POR,34.348617715864,0.0679557026681747,0.429385516270335,0.509342871869523,NaN,NaN,NaN,10,33
PPG,42.3598190764705,0,0.353118109947323,0.581874494798681,NaN,NaN,5024901.20768953,25,51
PPL,35.139895362353,0.0158629554753331,0.310782353396633,0.573957680442653,NaN,NaN,NaN,18,48
PPO,31.6887710055367,0,0.258182146477853,0.464824720535183,NaN,NaN,NaN,32,80
PRU,45.3480173918247,0,0.429390263595724,0.605136806116931,NaN,-0.121229643826528,27140091.7681685,26,62
PRXL,45.0447859088613,0,0.314102376769586,0.651105822798841,NaN,NaN,7959420.74413715,17,53
PSA,37.4766514646255,0,0.331398116376336,0.577273813788353,NaN,NaN,NaN,26,59
PSO,39.7555806994463,0,0.4224021814284,0.482213004505332,NaN,NaN,NaN,23,52
PSX,41.8194679207885,0,0.435994860902353,0.565502654728018,NaN,NaN,NaN,26,50
PT,21.9862833080187,0,0.037291961879359,0.111705118331804,NaN,NaN,NaN,12,27
PTEN,49.9785671052917,0.037119286870652,0.503652065354925,0.476392911098462,NaN,NaN,34478255.3083487,20,45
PUK,47.8033609640382,0,0.332819022635068,0.609563194617937,NaN,NaN,1120955.56062162,21,41
PVH,46.4647982061264,0.125753223799963,0.377431563955843,0.501483471941152,NaN,NaN,NaN,21,49
PWE,42.6828485536566,0.021203771466372,0.404067599121448,0.381766464303717,NaN,NaN,NaN,22,39
PX,34.6121362255226,0.00137331520605377,0.341925045148519,0.635923875935216,NaN,NaN,NaN,14,47
PXD,44.4505914249063,0.190641769873503,0.463328593982216,0.498643471027776,NaN,NaN,NaN,26,57
Q,47.6384272455159,0.0117898553383395,0.484959303640357,0.534767083132333,NaN,0.176384641879992,31227861.5437748,25,51
QCOM,39.6709326804883,0,0.486745767252843,0.583984165781143,NaN,NaN,NaN,20,59
QGEN,36.8800653285782,0,0.323665039061927,0.496200925463416,NaN,NaN,NaN,29,63
RAI,45.910192823062,0,0.458845495966854,0.596926098819951,0.26511057264222,0.565075908979524,NaN,28,54
RAX,15.0622952174599,0,0.0450103706677367,0.184523633621479,NaN,NaN,NaN,12,27
RBA,44.2640004783063,0,0.360670105248575,0.535499001299692,NaN,-0.332386436986906,NaN,37,59
RCI,41.4564300678252,0.270863619599932,0.435104746032313,0.462471386641607,-0.766638777096557,-0.542085390540981,NaN,12,19
RCL,37.6413264886072,0,0.393091256715441,0.667437980877822,NaN,NaN,NaN,19,40
RDC,30.7733599658089,0,0.0940327255585236,0.378644861313238,NaN,NaN,NaN,10,19
RDY,30.6510923622727,0,0.323062159117549,0.577045205751583,NaN,NaN,NaN,22,53
REGN,39.6681050225276,0.0113410926292334,0.447131518042715,0.607017280126328,0.0587781003099115,0.932460598629631,NaN,27,48
RF,48.9255884319482,0,0.484335185422033,0.575308845559608,NaN,0.150226466688086,219128984.336265,28,52
RGP,45.5815008647908,0,0.367526119789669,0.506999599991722,NaN,NaN,NaN,39,65
RHI,37.8101672199146,0,0.378065569389979,0.626574920080243,NaN,0.733607669226952,8680284.75804869,20,47
RHT,42.5808645853112,0,0.384211418140623,0.567833946041619,NaN,NaN,NaN,36,59
RIG,38.8961805554013,0,0.248047238879966,0.197287288636704,NaN,NaN,NaN,72,82
RIO,27.5547849025023,0,0.130495217239731,0.308152483782914,NaN,NaN,NaN,10,21
RJF,40.8488381197446,0,0.417125873518377,0.604954325733018,NaN,NaN,NaN,29,58
RKT,41.9211455443458,0,0.352645026656247,0.494416828092397,NaN,NaN,6759126.54868933,19,36
RL,45.3902963499348,0.331280609574928,0.574648132557987,0.437652472282345,-0.00549257464649233,0.0436274432773704,NaN,13,20
RMD,39.5768475647348,0.289056517365859,0.508905546352806,0.577694882174583,NaN,NaN,NaN,16,48
ROC,36.6831139816785,0,0.366230122113534,0.553589872617553,NaN,-0.143544497265212,8593911.10712241,28,54
ROK,44.64447586441,0,0.385748703934133,0.570227494240993,NaN,NaN,8778548.91890183,21,43
ROLL,44.4593412013123,0.112892860329155,0.496653867950813,0.66497019056306,NaN,NaN,1843133.55136436,29,50
ROP,39.9924417629807,0,0.368516833088551,0.526848036986689,-0.0929440115860489,0.192803317054961,8979982.54108792,34,58
ROST,42.39128363683,0,0.457999899448229,0.611950410542822,-0.0786235222625669,0.27085132872599,NaN,25,40
ROVI,43.912773072879,0.181966581883366,0.525011568783893,0.676540999425989,NaN,NaN,16278461.844808,10,26
RRC,45.9800730648173,0,0.496140851879117,0.556388298794098,NaN,NaN,NaN,18,48
RRD,42.3003223768019,0,0.416761605548264,0.613785887861088,NaN,NaN,33204832.2535954,18,32
RRGB,31.0139366202809,0,0.569753153838134,0.696782580700302,NaN,NaN,2573109.29331555,15,31
RS,45.7871473710395,0,0.407569404114176,0.499521903572719,NaN,NaN,5399477.05644282,30,43
RSG,45.1440656638314,0.0431204631264639,0.306234616227482,0.444862397066259,NaN,NaN,27304721.8932949,18,43
RSH,39.8227623812921,0,0.329670126776623,0.189528078063087,NaN,NaN,NaN,23,36
RTN,41.8817315655711,0,0.363267410445726,0.619036620164221,NaN,-0.14281293730811,100576616.906363,15,32
RVBD,46.2572661748469,0.0292278036669864,0.365588782665957,0.546888925895877,NaN,NaN,NaN,15,32
RY,37.786909717152,0.104040439194739,0.473936983691751,0.590048970081599,NaN,NaN,NaN,30,56
RYN,44.578247302564,0.096885928318166,0.534287213144334,0.558436369460384,NaN,NaN,NaN,11,22
SAH,40.4428928945031,0.100034880813767,0.541530631624531,0.589498564197632,NaN,NaN,NaN,11,30
SAN,40.7164522381233,0.101789932542252,0.471796433198305,0.506625003116054,NaN,NaN,NaN,29,67
SAP,44.9386720742152,0,0.487333053195782,0.529116178358355,-0.520376175695985,-0.349821651416898,NaN,31,45
SBAC,42.8270254460319,0,0.368499642500709,0.67378979776941,0.135077884003459,0.746309576179806,33696248.1178916,24,53
SBUX,36.8501450423791,0.0780800390971099,0.477912068311496,0.716121997641881,NaN,0.873410694327443,NaN,15,36
SCCO,29.2546025135953,0,0.0144456026802735,0.272616153868693,NaN,NaN,NaN,12,27
SCG,41.4009487570859,0.345467518662857,0.592116786836337,0.703627077823295,NaN,NaN,12425419.494466,7,21
SCHN,39.7215800193616,0.151503367306144,0.397638537870949,0.556662319463617,NaN,NaN,NaN,25,42
SCHW,44.7524377336503,0,0.510709089489723,0.642087406891558,0.177403116296531,0.911824154885496,206010719.314057,25,56
SD,37.589625104596,0,0.19810895670211,0.31337221406126,NaN,NaN,NaN,24,53
SDRL,42.6779658845336,0,0.454535777283619,0.504031286547629,NaN,NaN,NaN,26,40
SE,48.8926429457042,0,0.380999782499448,0.598804400676167,NaN,NaN,154514687.682743,30,49
SEE,36.5487310037831,0,0.314711584423757,0.613441672772677,-0.651928212360994,0.254510685184834,75424733.3439973,24,48
SEIC,40.6640804835019,0,0.393184617289974,0.604265952943173,NaN,-0.0806676125806627,13011917.9700369,25,50
SEM,51.3667552920791,0.129493283970792,0.46032263595025,0.525865159902801,NaN,NaN,NaN,19,43
SEP,39.3086727946486,0,0.413704033477374,0.548268107876267,NaN,0.424950199668365,NaN,32,56
SF,38.4952252327777,0,0.554157606538676,0.67728100135178,0.606371446174658,1.6532623230531,10370842.7155397,28,61
SGEN,35.8437510204621,0,0.214802566534913,0.497827193313936,NaN,NaN,NaN,30,48
SHLD,38.4937580375,0,0.392907392300902,0.354240899124133,NaN,NaN,NaN,24,47
SHPG,35.3595523282846,0,0.413400550341535,0.724662342717408,NaN,0.984183132675239,8462000.95436194,19,50
SHW,40.6486618915233,0,0.43123361381072,0.562494122639974,NaN,NaN,NaN,24,46
SIAL,43.7121191618,0,0.389052727617681,0.601645491510373,0.298300773264835,0.688132841627327,12306194.3832315,18,41
SID,38.9565653526299,0.164674201923033,0.283107200388443,0.340480181811502,NaN,NaN,NaN,19,27
SIG,26.3264455989115,0,0.319861980913864,0.636929934538278,NaN,0.0544309259686584,15820216.9200581,13,32
SINA,49.8611686825586,0.0632975958783077,0.561803496658464,0.616268391312662,NaN,NaN,NaN,26,45
SIRI,44.2876653333543,0,0.448105587184114,0.532267454955769,NaN,NaN,NaN,28,46
SIVB,45.721085963534,0.113317794003163,0.425038881562623,0.577328796585132,NaN,NaN,6769180.4574315,16,33
SJM,46.830551857891,0.121703332423535,0.466051061275823,0.52757503394743,NaN,NaN,5082515.50926005,9,17
SJR,41.6227980958436,0,0.462318255683057,0.521134194351748,-0.309073925952638,-0.143501832397376,NaN,38,52
SKM,43.2236051173125,0,0.346576544573333,0.505843721441602,NaN,NaN,22589715.3379036,32,63
SKT,44.7341347756126,0.354147365910587,0.518925970462153,0.702943469002948,NaN,NaN,NaN,7,20
SKX,38.8151082535271,0,0.24878374616375,0.608005210656236,NaN,NaN,19492368.545584,19,38
SLB,46.3592886520774,0,0.484363069131726,0.581958074799092,NaN,NaN,NaN,29,50
SLF,45.3431009747084,0,0.462087585774321,0.607523128298688,NaN,NaN,3525801.9696578,28,61
SLGN,39.0568547378098,0,0.49813788930181,0.621335148570238,NaN,-0.127454541124136,493833.79169604,30,51
SLW,27.3207080350901,0,0.184187644803331,0.344568087289268,NaN,NaN,NaN,11,15
SLXP,35.4531385157443,0,0.426243475344428,0.622904948060305,NaN,NaN,26530234.6433713,25,46
SNA,34.1914894862397,0,0.370869511717659,0.581609775996844,-0.437285343363501,0.0370619088732154,3263827.0256651,21,32
SNDK,38.3462673626804,0,0.433800949212865,0.626789642730448,NaN,-0.183078294786895,NaN,21,34
SNI,42.7599893237319,0,0.419450982243187,0.571770583319094,NaN,-0.185869487453335,7906763.87490382,25,41
SNN,33.9471512345103,0,0.229622427416255,0.522446798580732,NaN,NaN,390552.413264552,25,46
SNX,50.2146135748867,0.0377129574627406,0.349240987816517,0.577685865175022,NaN,NaN,NaN,26,53
SNY,45.4469210419258,0.13954849427426,0.466888999409258,0.572206441395404,NaN,NaN,18505013.0797755,12,31
SO,41.7175094467144,0.388784776418182,0.644624272412065,0.696042822341606,-0.0992296652135241,0.289438647196971,NaN,6,16
SOHU,48.3358310228742,0.14254994168288,0.491336756179817,0.554311678270843,NaN,NaN,11614831.3118265,21,40
SON,38.5728750384258,0,0.413001852758638,0.641772676153812,NaN,NaN,9588929.36814874,20,44
SONC,24.082719957658,0.0668800009118895,0.371478136604362,0.600729548372418,NaN,NaN,NaN,13,27
SPG,45.247788140536,0.242294612838608,0.56304011931519,0.541519196138086,NaN,NaN,NaN,13,27
SPH,26.9612577482487,0.205926479964208,0.578171281869317,0.610764764328694,NaN,NaN,398109.639899262,10,22
SPLS,51.996494453617,0.118100003334971,0.533664027203546,0.698587239923887,NaN,NaN,189523669.664305,17,38
SPR,29.4445745585228,0,0.196064863158695,0.698507645674772,NaN,1.06725534210864,78102864.173793,10,41
SPW,43.2556348228867,0,0.435028120696591,0.592778488688337,NaN,NaN,2386118.36976118,19,58
SPWR,37.8019221032062,0,0.373050556467609,0.510287131816209,NaN,NaN,95723488.9331168,33,60
SRCL,44.803926374842,0.0900152826153311,0.427983276062767,0.641832847185559,0.0469498040656628,0.37795238418652,8464168.93479208,22,43
SRE,37.0088874400742,0,0.377823599472922,0.625054654365915,-0.386309522186454,0.145389157320996,23050344.9770207,15,31
SRI,45.0118614188371,0,0.508203511975883,0.669047244454755,NaN,NaN,7337949.16457665,19,33
SSL,37.9999337741678,0,0.327992911922818,0.448081682899819,NaN,NaN,NaN,28,54
SSYS,41.731375300735,0,0.520493486396074,0.564269128826184,NaN,NaN,NaN,17,56
STI,37.3273076753831,0,0.414114279533482,0.641843733745395,NaN,0.229973242461661,NaN,22,47
STJ,40.5958160712531,0,0.413263395167599,0.512960978205913,NaN,NaN,34633279.2378624,21,51
STLD,43.0646981877631,0,0.376878001855181,0.571970963710932,NaN,NaN,NaN,29,57
STM,52.5823267578394,0.121974391024946,0.466049963789264,0.383251022130473,NaN,NaN,NaN,25,47
STO,37.4095809466858,0.108778390736325,0.532377276938444,0.552626804322024,NaN,NaN,NaN,20,38
STT,41.6028171058602,0,0.434985341207491,0.55957600350575,-0.49837179181363,-0.347072744673537,42737544.4526871,33,50
STX,29.3623835156248,0,0.1471514912115,0.530631835830122,NaN,NaN,67182259.2260876,19,49
STZ,29.7565369884759,0,0.419779906473324,0.619740883985832,-0.132080773937585,0.34945102912392,78689871.9690184,18,34
SU,47.8627131122884,0,0.556331486604515,0.501487029199681,NaN,NaN,NaN,40,68
SVU,32.6604981812248,0,0.257749561665606,0.562082318175118,NaN,NaN,NaN,25,49
SWK,32.3699178387486,0,0.352011561972519,0.612036394119077,NaN,NaN,NaN,18,47
SWKS,44.5347207332384,0.117495811788281,0.468769136340972,0.677205507944991,-0.570891243444945,1.65257863671136,114825346.508619,19,39
SWN,34.1111044953884,0,0.305386366414508,0.424121411950825,NaN,NaN,NaN,28,53
SWY,46.6457933306349,0,0.29831446543032,0.512566175240858,-0.486034326331308,0.0831375929160363,149508318.843871,28,46
SXL,42.1073363630148,0.127120821873288,0.47994839418994,0.60630559119728,NaN,NaN,NaN,18,43
SYK,40.2105822882111,0,0.380667295899163,0.572002267001865,-0.188385310409349,0.0864340324217494,NaN,24,40
SYMC,24.5107231462026,0,0.181162814131024,0.477094158230259,NaN,NaN,NaN,15,29
SYT,15.7444002095609,0,0.0154290382311058,0.320203664525283,NaN,NaN,NaN,22,43
SYY,41.6348548249682,0,0.402600972183574,0.544745609472901,NaN,NaN,98926121.3886994,37,71
T,35.7968562661913,0.319536872307787,0.574225578621631,0.690929640616654,-0.140850717941615,0.212974969961273,195236389.945462,6,13
TAC,48.4154240732142,0,0.460215261788153,0.324841778846538,NaN,NaN,NaN,37,54
TAP,37.1082331180433,0,0.297856228830644,0.53924539189771,NaN,0.0644852301985472,NaN,22,42
TCB,48.656236677403,0,0.46840848377028,0.574913702303765,NaN,-0.0292367572702281,22868205.5231236,33,68
TCK,7.79414590296959,0,0.0603183429094567,0.45617855659038,NaN,NaN,NaN,12,27
TCO,22.6859432066616,0.286315409041532,0.49551832911674,0.510311524291758,NaN,NaN,NaN,5,28
TD,47.8541175290732,0,0.550495369136348,0.610580938950171,NaN,NaN,NaN,29,51
TDC,26.3998690643939,0,0.376558853484185,0.533187883151939,NaN,NaN,NaN,12,27
TDS,43.8912531872507,0.140564452881108,0.492056120243061,0.618324336568362,NaN,NaN,NaN,21,42
TE,38.1539010760799,0.144111126402409,0.476291757285245,0.529037741375083,NaN,0.0983798767331168,NaN,15,35
TEL,41.5062360706417,0,0.401857507579403,0.571049038677077,NaN,NaN,20653485.5581301,23,38
TEN,32.0800123414643,0,0.380578407576524,0.583961058468298,NaN,NaN,1695257.4942261,15,36
TER,34.7748740611387,0,0.261076720877248,0.621943873388856,NaN,NaN,NaN,28,76
TEVA,44.7836570282911,0,0.471050650442524,0.541260195756008,NaN,0.139531770350336,NaN,24,67
TEX,38.3480304840602,0.0557435597577782,0.513639244141542,0.621389848675392,NaN,NaN,NaN,17,43
TGT,32.5952962498104,0.0794461991067514,0.390924723365,0.590203906877611,NaN,NaN,NaN,10,21
THC,35.6649880269391,0,0.2859106676895,0.485173977844809,NaN,NaN,NaN,23,45
THI,33.763522538294,0,0.281176713295854,0.543870296439834,NaN,NaN,4527801.62098271,28,60
THOR,36.5950684646284,0.123534019611478,0.349374728215013,0.563260415891227,NaN,NaN,NaN,24,50
TI,45.7492323794315,0,0.504641853927715,0.549227935190179,NaN,NaN,NaN,31,62
TIBX,51.4491706032352,0.202733905250836,0.459980368427157,0.51252737070312,NaN,NaN,NaN,20,40
TJX,38.3846869002451,0,0.462276790115929,0.609011342617142,-0.361126363899719,-0.206906301789102,44043806.0468669,16,28
TKR,37.1179426235179,0,0.250847755931605,0.408658565901948,NaN,NaN,6499843.46898184,27,55
TLM,15.3789767929441,0,0.0391569583298903,0.237300937842733,NaN,NaN,NaN,7,11
TM,34.7941070382538,0.112031687793625,0.638366845998897,0.618686908953181,NaN,NaN,NaN,13,35
TMHC,60.3427959389293,0,0.0980678669682118,0.0758138356522482,NaN,NaN,18265500,9,14
TMK,40.3120718022902,0,0.381804319623249,0.633568609166582,NaN,NaN,11527791.489415,20,46
TMO,31.6787973130112,0,0.505078771265156,0.720917341148117,NaN,0.0211350415298317,NaN,16,31
TMUS,50.3237360268446,0.0596232468339568,0.533738169008323,0.643443305987617,NaN,0.465078815814215,165906710.282463,33,45
TOL,30.3007967654585,0,0.137372704520181,0.156510175517058,NaN,NaN,NaN,10,18
TOT,50.6431532825805,0.0804958757360446,0.573392487221722,0.562477436853528,NaN,NaN,24982248.400412,32,57
TRI,42.1993029014747,0,0.339900665700377,0.556063619422889,NaN,NaN,13014576.4399939,19,44
TRIP,47.0691890115756,0,0.396545232583973,0.516070236990741,NaN,NaN,43765038.692283,29,63
TRMK,46.5188853664826,0,0.380668436080108,0.569061008062269,-0.222912468196075,0.286348428322314,NaN,28,49
TROW,37.5382471649903,0,0.273958418247293,0.546363955667861,NaN,NaN,15720580.5280027,21,63
TRP,49.7657249512205,0.0466351393921052,0.541598461909583,0.600412579960943,NaN,NaN,NaN,27,50
TRV,32.1343132999098,0.0339060496105958,0.35163785531949,0.60441389623988,NaN,NaN,NaN,15,39
TRW,36.7535472710342,0,0.412897071947196,0.602185163153106,0.177764379766332,0.77936772921636,13367916.7930133,20,40
TSL,44.1423669477238,0,0.482953239016577,0.616473516563888,NaN,NaN,78440683.4849495,39,67
TSM,45.1848645739185,0,0.475400768066792,0.557682837566094,NaN,NaN,NaN,34,60
TSN,39.8855807032488,0.107606776446719,0.403846172272488,0.51862829265273,NaN,NaN,119331116.918876,15,35
TSO,41.9005674321027,0,0.266044943203949,0.516312113987295,NaN,NaN,66355982.9727916,25,45
TSS,38.5338033162863,0,0.49531648558994,0.553360091750541,0.0425217796767914,0.207236408164167,NaN,30,44
TSU,45.6405103562738,0,0.439206624289628,0.515739176183402,NaN,NaN,7976920.69324173,43,74
TTM,49.4378521800055,0,0.545787880240924,0.564598537596014,-0.350098785832475,-0.169216770549898,NaN,41,55
TU,5.77924504208495,0,0.0173501577287065,0.175494329009439,NaN,NaN,NaN,4,13
TV,43.0756644231492,0,0.461429708921899,0.546187473998428,NaN,-0.146915698252824,21486965.6993302,32,61
TWI,35.2896571817215,0,0.0209491792639116,0.221510829831282,NaN,NaN,NaN,28,37
TWC,30.4848484395618,0,0.254573975437084,0.561183937549023,NaN,NaN,34146819.5794358,20,57
TWX,33.31878310404,0,0.387961320991882,0.596943432337348,NaN,0.18560437467681,NaN,25,57
TX,45.3206629242523,0,0.400890017967492,0.552665078003732,NaN,NaN,2867836.68990866,25,47
TXN,36.3534445104981,0,0.374566931017097,0.650498528229126,NaN,0.347059554838801,249499125.223848,23,42
TXRH,24.2158020841909,0,0.331526891191339,0.591040827559172,NaN,NaN,15216340.1622171,13,32
TXT,40.9549792204305,0,0.365063970139772,0.569362605678809,NaN,NaN,45197889.6281252,18,49
TYC,37.5227094126962,0,0.355497887446978,0.526006532292387,NaN,-0.160723328192155,13354894.504558,26,47
UA,41.0745230587436,0,0.264716071744377,0.640278957042063,NaN,NaN,25206441.9117064,16,44
UAL,37.1651459434194,0,0.377684639233287,0.560308137933331,NaN,0.315915891739506,NaN,27,55
UBS,45.9993452951023,0,0.483840937423314,0.546867939520295,NaN,NaN,NaN,36,53
UBSI,40.2718338826087,0.058304101809953,0.349873296702339,0.519392466173073,NaN,NaN,4042281.61369134,20,39
UL,45.2727124393238,0.124421248236286,0.456834780310618,0.473941976855857,NaN,NaN,NaN,26,50
UMC,35.0842485831574,0,0.284101442639908,0.471527783449238,NaN,NaN,NaN,24,49
UN,42.1025807815816,0.143567233526135,0.379076557538126,0.490452044449089,NaN,NaN,NaN,23,40
UNH,30.7253349389145,0,0.296875681722089,0.636259847912165,NaN,NaN,30566803.0575758,13,40
UNP,38.8308427100826,0,0.506888564768593,0.592283225407219,NaN,NaN,NaN,27,44
UPL,33.0344028793991,0,0.250212607531168,0.39518742269538,NaN,NaN,NaN,37,53
URI,33.6400902996851,0,0.327339186968264,0.603656423129578,NaN,NaN,NaN,16,32
URBN,53.1929632255668,0.467645788348589,0.672638866728076,0.562616988633461,-0.146814969116361,-0.189497820599332,NaN,10,15
USB,40.1186143118734,0,0.408550604924345,0.678040576934517,-0.412824351014794,0.0510008347307254,229382524.474787,25,44
USG,42.207899374895,0.160244966291253,0.398506501806146,0.575867414739792,NaN,NaN,NaN,18,30
USM,43.5145813129931,0.0488088481701512,0.381502886819666,0.657268484337823,NaN,NaN,NaN,19,41
UTEK,41.3063644724667,0,0.0862866023787963,0.33730985424449,NaN,NaN,NaN,8,14
UTIW,37.78404883414,0,0.305747058498439,0.495843711352786,NaN,NaN,NaN,28,52
UTX,40.3920648768365,0,0.400697342087835,0.569705653990475,NaN,NaN,NaN,22,46
V,37.7790206206273,0,0.386976663439249,0.61774216402493,NaN,NaN,NaN,18,38
VAL,47.8191890003057,0,0.423429589596013,0.580334330140605,NaN,-0.11088469251691,NaN,31,59
VALE,15.9889104190809,0,0.0433884297520664,0.30280904823564,NaN,NaN,NaN,11,15
VAR,47.1733811071223,0,0.31944800359115,0.589695230832065,NaN,NaN,22916014.0146662,26,59
VE,31.566679934564,0,0.218904258010564,0.501215440996753,NaN,NaN,NaN,35,55
VECO,42.5317160809018,0,0.489463873533611,0.600852908343006,NaN,NaN,924253.276184038,33,56
VFC,32.8663577092936,0.023428433639531,0.273961222929558,0.497967885086962,NaN,NaN,5825707.06419722,10,28
VIAB,48.4090985783493,0,0.489107237144852,0.609203242270205,-0.124293786957776,0.191130164384215,83548687.80621,34,48
VIP,18.866224391828,0.358547104664219,0.393374253887075,0.476577850390389,NaN,NaN,NaN,15,25
VLO,34.8589963082783,0,0.298618926554906,0.563970804077288,NaN,NaN,88670851.2386648,22,42
VLY,43.4777502473501,0,0.434101566853891,0.505754266399194,NaN,-0.544485058203062,NaN,33,59
VMC,44.9516492362224,0.135525356781505,0.4745204442587,0.578005302919909,NaN,NaN,NaN,13,25
VMW,42.1256401972466,0.202230687328965,0.594634063915829,0.58969884422369,NaN,NaN,NaN,18,35
VNDA,39.3463997967611,0,0.206581094643088,0.45792714799111,NaN,NaN,20426958.8940356,29,72
VNO,49.815740480407,0,0.377993497656282,0.600984686013242,NaN,NaN,NaN,15,36
VOD,29.8605972511352,0,0.311869726870774,0.554488127308697,NaN,NaN,153013505.058661,20,44
VRSN,36.1462037158903,0,0.372876831113028,0.566165074615524,NaN,NaN,38190182.6187448,18,41
VRTX,28.2592715760223,0,0.433042606390565,0.602778158600393,NaN,NaN,NaN,15,46
VRX,45.6805610709522,0.108025406670927,0.595623559729637,0.595775069428925,NaN,NaN,29027307.0347285,15,45
VTR,50.9192259914521,0.185048905950748,0.536755708843857,0.633263671896793,NaN,NaN,NaN,7,15
VZ,44.2839178929995,0.456412331529002,0.646056205485425,0.700707896821305,NaN,NaN,283097177.013557,6,10
WABC,45.2603417586687,0,0.572473823220751,0.627719338311231,NaN,NaN,NaN,21,36
WAG,39.6567808405335,0,0.365720758269099,0.493304659536586,NaN,NaN,90532761.5224205,25,40
WAT,42.6284757193246,0,0.412651154351921,0.501256317012595,NaN,NaN,3471511.00992622,29,53
WBS,47.647838229893,0,0.402502603671685,0.583890186185236,NaN,0.00251340177622494,7762131.03131269,29,65
WCC,41.9899919245144,0,0.383030479493149,0.538254871083704,NaN,NaN,NaN,26,47
WCN,41.1830037090229,0,0.353753732335683,0.530275667208942,NaN,NaN,5035128.89939647,24,41
WDC,38.1696890424332,0,0.404142988670557,0.626054561662946,NaN,NaN,54802569.116016,18,37
WDR,38.2667159237449,0,0.498318210401623,0.63530922342893,NaN,NaN,NaN,21,42
WEC,50.2148502107362,0.192405467995549,0.610994340212622,0.560095046204655,NaN,NaN,30851990.9177479,11,34
WERN,43.971407762666,0,0.403592508544437,0.517561501203612,-0.3869092368789,-0.235154410733102,NaN,46,72
WFC,34.796308648695,0,0.392403093847641,0.595514474680831,-0.430590215544228,0.0396150035805078,194909683.434604,20,39
WFM,42.5599961390806,0.378543647404818,0.49815761566705,0.566912951825976,NaN,NaN,NaN,12,23
WFT,37.7676366286035,0.0404128288879619,0.419274886999913,0.484822389856555,NaN,NaN,87450400.7668699,24,56
WGL,31.9483859191247,0.21426111458635,0.498952622375733,0.567982386249602,NaN,NaN,NaN,11,23
WIN,34.6099519977705,0.255237031028751,0.416957517067785,0.485102594476416,NaN,NaN,NaN,12,23
WIT,35.9483687236892,0.103959434333065,0.404898385129638,0.487297937158346,NaN,NaN,NaN,20,48
WLL,42.8735909882994,0,0.452941807886247,0.479143100158876,NaN,NaN,NaN,33,56
WLP,36.3222360954258,0,0.372926971666679,0.661523391903042,NaN,0.443382332991694,44341987.7012699,15,34
WM,28.2159882174917,0,0.233614777925763,0.59928456471321,NaN,NaN,16603131.2468588,17,38
WMB,39.584389987718,0,0.343746333498113,0.629046372875571,NaN,NaN,NaN,31,61
WMT,33.3416852624067,0.0464541389288935,0.461310840103053,0.558459703659142,NaN,NaN,NaN,17,41
WNR,48.8215092427403,0,0.334238500662198,0.50776229615989,NaN,NaN,18622932.6835345,41,67
WOOF,44.0543520097824,0,0.362490664852298,0.574869380718272,-0.227245535993393,-0.0424120533840329,18251798.8731973,29,39
WOR,33.2993593045328,0,0.177134526663116,0.533917875114577,NaN,NaN,4749596.91850216,17,37
WPX,37.3458955591056,0,0.292092389002251,0.440150636466096,NaN,NaN,23184433.6071967,31,47
WPZ,37.4081949089105,0,0.290296236421632,0.494000459069496,NaN,NaN,NaN,24,66
WR,40.9885858917483,0.00176367939266631,0.405192507359268,0.619982765144547,NaN,-0.288582067064247,13845883.7719415,26,41
WRB,35.8568368104073,0,0.243195800433927,0.533131760451721,NaN,NaN,NaN,17,32
WTW,5.72196484690748,0,0.0108024691358029,0.272846607280573,NaN,NaN,NaN,12,27
WU,43.7570425010609,0,0.368267798128063,0.630623772212543,NaN,NaN,159055142.319131,17,36
WWAV,39.9836874807578,0,0.34232042551124,0.575472542106211,-0.367067914206052,0.359196104186991,41460131.3282632,24,41
WY,34.4013294570279,0,0.123783183701919,0.506520750357431,NaN,NaN,NaN,16,47
WYN,36.2131368375452,0,0.310157879005737,0.555576538214291,NaN,NaN,NaN,18,48
WYNN,34.1204241264801,0,0.397507109216339,0.647272001736295,NaN,NaN,NaN,23,47
X,42.3586390096534,0.108312652138617,0.412390520646199,0.546420753168483,NaN,NaN,NaN,27,52
XEC,44.7115427249496,0,0.476127892300221,0.521404727986942,NaN,NaN,20379802.7884059,29,43
XEL,42.2327599762399,0.0832760993022197,0.384141447516488,0.586607314578872,NaN,NaN,17271859.6205437,20,46
XL,36.0157445349824,0,0.324034938038551,0.541534302830504,NaN,NaN,NaN,26,47
XLNX,45.6158125855586,0,0.417141189528397,0.566233580683343,NaN,NaN,69652827.6922195,34,63
XOM,37.0421969071509,0,0.387265606972463,0.510314786204969,NaN,-0.684895205210631,NaN,48,76
XRAY,41.0656047061034,0,0.39442799921733,0.539249412614862,0.108063641169321,0.324475162550045,2292822.05281394,33,61
XRX,34.8767682512572,0,0.388257839917297,0.630634554679383,NaN,NaN,147832448.068595,11,45
XYL,39.6759779793637,0,0.347240783191604,0.540922739487139,NaN,NaN,NaN,29,51
Y,39.9624835253621,0,0.412021377828115,0.569047625289159,-0.129289814386385,0.0492434424508095,NaN,31,43
YGE,57.7297628217732,0.0643509906030819,0.540105458884865,0.540926195492472,NaN,NaN,99238143.2078694,32,47
YHOO,44.1929643897097,0,0.475182199812807,0.625251319669802,NaN,0.434483912755722,140285940.172116,32,52
YUM,43.2675123130846,0,0.372445285535559,0.528095702068411,NaN,NaN,NaN,32,74
ZBRA,38.8303710257318,0.084204857118791,0.307017762463519,0.52338956664863,NaN,NaN,3590429.31272315,24,49
ZION,41.3352833695575,0,0.431775368477149,0.501581502790776,NaN,NaN,NaN,26,61
ZMH,38.0886353934087,0,0.343866405229721,0.583967508912882,-0.0515637834611069,0.419689136340215,9886474.13722451,25,48
ZTS,36.9750601670125,0.0507396696689189,0.496355984002124,0.701616313056213,NaN,NaN,NaN,14,31
